0 0 189 68
0 0 189 69
0 0 190 68
0 0 188 71
0 0 190 69
0 0 189 71
0 0 190 70
0 0 191 69
0 0 192 69
0 0 191 70
0 0 191 71
0 0 192 70
0 0 192 71
0 0 189 74
0 0 190 74
0 0 191 73
0 0 192 72
0 0 191 74
0 0 191 75
0 0 192 75
0 0 187 82
0 0 188 81
0 0 187 83
0 0 185 86
0 0 188 82
0 0 187 85
0 0 186 87
0 0 191 80
0 0 192 79
0 0 193 78
0 0 191 82
0 0 192 81
0 0 193 81
0 0 192 83
0 0 193 82
0 0 192 84
0 0 194 82
0 0 188 91
0 0 188 92
0 0 189 92
0 0 192 86
0 0 192 87
0 0 193 88
0 0 183 103
0 0 183 104
0 0 182 106
0 0 184 104
0 0 175 121
0 0 182 110
0 0 182 111
0 0 188 101
0 0 188 102
0 0 188 104
0 0 188 103
0 0 189 104
0 0 189 105
0 0 189 106
0 0 186 113
0 0 186 114
0 0 187 114
0 0 186 115
0 0 193 102
0 0 197 95
0 0 198 95
0 0 199 95
0 0 199 94
0 0 200 93
0 0 200 95
0 0 192 112
0 0 195 107
0 0 201 94
0 0 201 95
0 0 195 109
0 0 195 111
0 0 195 112
0 0 187 129
0 0 188 129
0 0 188 130
0 0 188 131
0 0 188 132
0 0 193 120
0 0 189 132
0 0 192 126
0 0 196 119
0 0 193 126
0 0 197 118
0 0 194 127
0 0 198 119
0 0 196 135
0 0 197 133
0 0 197 135
0 0 199 132
0 0 198 136
0 0 199 136
0 0 192 66
0 0 192 67
0 0 193 66
0 0 193 67
0 0 190 71
0 0 191 72
0 0 192 73
0 0 192 74
0 0 184 87
0 0 186 85
0 0 191 79
0 0 192 80
0 0 193 80
0 0 194 80
0 0 194 81
0 0 193 83
0 0 191 86
0 0 191 88
0 0 191 87
0 0 182 103
0 0 179 108
0 0 179 109
0 0 189 95
0 0 186 101
0 0 188 98
0 0 189 98
0 0 189 99
0 0 190 99
0 0 191 99
0 0 191 100
0 0 185 112
0 0 185 113
0 0 180 122
0 0 186 112
0 0 192 102
0 0 186 117
0 0 185 118
0 0 171 145
0 0 200 94
0 0 180 136
0 0 202 95
0 0 195 110
0 0 196 111
0 0 176 155
0 0 177 154
0 0 177 156
0 0 179 153
0 0 180 151
0 0 180 152
0 0 189 133
0 0 182 150
0 0 194 126
0 0 187 146
0 0 188 145
0 0 189 145
0 0 190 143
0 0 194 132
0 0 195 133
0 0 196 132
0 0 197 131
0 0 197 132
0 0 198 132
0 0 198 133
0 0 199 135
0 0 198 138
0 0 198 140
0 0 199 140
0 0 198 144
0 0 190 170
0 0 192 170
0 0 202 160
0 0 203 160
0 0 204 161
0 0 249 207
0 0 191 67
0 0 191 68
0 0 189 72
0 0 190 72
0 0 190 75
0 0 193 75
0 0 189 80
0 0 189 81
0 0 190 79
0 0 190 80
0 0 191 81
0 0 193 84
0 0 176 110
0 0 182 102
0 0 192 88
0 0 188 94
0 0 178 111
0 0 179 110
0 0 190 95
0 0 190 96
0 0 190 97
0 0 190 98
0 0 187 106
0 0 190 101
0 0 186 110
0 0 181 120
0 0 190 104
0 0 191 104
0 0 192 103
0 0 192 104
0 0 191 107
0 0 191 108
0 0 180 130
0 0 192 107
0 0 185 122
0 0 185 123
0 0 201 93
0 0 201 97
0 0 184 133
0 0 194 112
0 0 175 155
0 0 175 154
0 0 175 156
0 0 186 133
0 0 186 134
0 0 187 134
0 0 181 150
0 0 178 157
0 0 179 158
0 0 186 142
0 0 186 143
0 0 187 141
0 0 193 130
0 0 188 143
0 0 188 144
0 0 193 133
0 0 194 131
0 0 194 133
0 0 198 134
0 0 197 137
0 0 196 141
0 0 197 140
0 0 197 141
0 0 199 141
0 0 194 157
0 0 195 156
0 0 196 156
0 0 196 157
0 0 195 161
0 0 196 160
0 0 196 163
0 0 188 190
0 0 189 188
0 0 189 189
0 0 190 188
0 0 188 197
0 0 189 197
0 0 187 208
0 0 201 161
0 0 203 161
0 0 204 162
0 0 392 284
0 0 395 287
0 0 394 275
0 0 395 275
0 0 397 275
0 0 397 269
0 0 398 268
0 0 398 267
0 0 397 262
0 0 394 254
0 0 394 253
0 0 395 253
0 0 400 260
0 0 400 259
0 0 401 259
0 0 402 258
0 0 408 267
0 0 404 257
0 0 402 253
0 0 394 238
0 0 394 237
0 0 395 237
0 0 395 235
0 0 394 232
0 0 395 231
0 0 396 231
0 0 397 232
0 0 396 230
0 0 396 229
0 0 397 228
0 0 395 223
0 0 395 222
0 0 396 221
0 0 397 221
0 0 398 222
0 0 398 220
0 0 399 220
0 0 399 219
0 0 400 219
0 0 401 217
0 0 396 211
0 0 397 210
0 0 398 210
0 0 399 210
0 0 400 210
0 0 401 210
0 0 399 207
0 0 402 209
0 0 401 207
0 0 402 207
0 0 403 207
0 0 404 207
0 0 401 201
0 0 402 201
0 0 403 202
0 0 403 201
0 0 404 201
0 0 405 201
0 0 406 200
0 0 403 196
0 0 404 196
0 0 405 196
0 0 406 196
0 0 408 197
0 0 408 195
0 0 408 194
0 0 402 186
0 0 403 187
0 0 402 185
0 0 190 67
0 0 184 75
0 0 188 72
0 0 193 70
0 0 194 70
0 0 194 71
0 0 189 79
0 0 195 77
0 0 192 82
0 0 189 91
0 0 190 92
0 0 187 98
0 0 191 98
0 0 186 106
0 0 187 107
0 0 192 99
0 0 192 100
0 0 192 101
0 0 191 102
0 0 191 105
0 0 193 107
0 0 194 107
0 0 186 124
0 0 158 183
0 0 158 184
0 0 175 150
0 0 175 151
0 0 185 132
0 0 166 174
0 0 176 154
0 0 187 133
0 0 188 135
0 0 187 142
0 0 188 141
0 0 189 140
0 0 176 171
0 0 185 151
0 0 194 130
0 0 195 130
0 0 195 131
0 0 196 131
0 0 197 130
0 0 195 140
0 0 194 143
0 0 195 142
0 0 195 146
0 0 196 146
0 0 196 147
0 0 193 157
0 0 194 156
0 0 195 155
0 0 195 160
0 0 195 162
0 0 189 184
0 0 189 185
0 0 190 186
0 0 190 187
0 0 191 189
0 0 192 188
0 0 188 206
0 0 191 211
0 0 248 397
0 0 249 397
0 0 251 397
0 0 252 397
0 0 392 300
0 0 392 298
0 0 393 297
0 0 394 298
0 0 398 303
0 0 399 305
0 0 395 294
0 0 398 298
0 0 396 292
0 0 398 293
0 0 392 275
0 0 413 311
0 0 401 287
0 0 402 286
0 0 401 276
0 0 416 297
0 0 399 259
0 0 398 253
0 0 400 253
0 0 400 252
0 0 410 264
0 0 403 252
0 0 404 251
0 0 404 250
0 0 397 237
0 0 395 233
0 0 397 234
0 0 397 231
0 0 398 231
0 0 398 229
0 0 398 227
0 0 396 223
0 0 397 222
0 0 397 219
0 0 398 219
0 0 400 220
0 0 400 218
0 0 400 216
0 0 401 215
0 0 402 216
0 0 398 209
0 0 397 208
0 0 398 206
0 0 401 209
0 0 405 212
0 0 406 213
0 0 407 212
0 0 402 205
0 0 402 204
0 0 403 203
0 0 404 202
0 0 402 198
0 0 402 196
0 0 405 195
0 0 407 195
0 0 410 198
0 0 406 192
0 0 403 186
0 0 187 71
0 0 187 72
0 0 189 70
0 0 194 67
0 0 193 69
0 0 194 69
0 0 188 79
0 0 190 78
0 0 193 74
0 0 192 77
0 0 194 74
0 0 193 79
0 0 194 78
0 0 195 79
0 0 194 79
0 0 190 89
0 0 191 89
0 0 190 91
0 0 191 91
0 0 179 111
0 0 179 112
0 0 191 95
0 0 191 96
0 0 191 97
0 0 185 108
0 0 190 100
0 0 188 105
0 0 193 101
0 0 191 106
0 0 192 106
0 0 193 106
0 0 191 112
0 0 200 96
0 0 201 96
0 0 193 113
0 0 193 114
0 0 185 130
0 0 185 131
0 0 182 140
0 0 187 131
0 0 189 130
0 0 188 133
0 0 179 157
0 0 188 138
0 0 182 152
0 0 182 153
0 0 188 140
0 0 179 163
0 0 195 129
0 0 196 129
0 0 196 130
0 0 198 129
0 0 197 134
0 0 199 133
0 0 197 142
0 0 198 137
0 0 197 143
0 0 194 153
0 0 198 143
0 0 196 155
0 0 196 162
0 0 197 159
0 0 196 165
0 0 189 187
0 0 191 186
0 0 191 187
0 0 190 193
0 0 190 195
0 0 190 199
0 0 201 160
0 0 193 204
0 0 193 205
0 0 194 204
0 0 218 287
0 0 219 289
0 0 239 397
0 0 240 397
0 0 241 397
0 0 242 397
0 0 243 397
0 0 244 397
0 0 246 397
0 0 247 397
0 0 250 397
0 0 411 352
0 0 391 304
0 0 391 305
0 0 392 304
0 0 389 295
0 0 390 295
0 0 391 295
0 0 397 304
0 0 394 294
0 0 397 296
0 0 400 300
0 0 399 293
0 0 400 293
0 0 414 316
0 0 400 286
0 0 400 285
0 0 401 285
0 0 399 278
0 0 400 278
0 0 399 275
0 0 412 298
0 0 407 284
0 0 394 259
0 0 393 256
0 0 393 253
0 0 395 254
0 0 398 257
0 0 398 256
0 0 404 264
0 0 409 270
0 0 406 263
0 0 440 318
0 0 404 252
0 0 404 248
0 0 398 238
0 0 399 237
0 0 397 233
0 0 397 230
0 0 397 229
0 0 399 229
0 0 399 228
0 0 399 226
0 0 400 225
0 0 397 220
0 0 399 218
0 0 400 217
0 0 399 214
0 0 400 213
0 0 400 212
0 0 402 213
0 0 399 209
0 0 399 206
0 0 400 205
0 0 399 202
0 0 400 202
0 0 401 202
0 0 409 211
0 0 405 203
0 0 425 228
0 0 425 227
0 0 424 224
0 0 425 225
0 0 426 225
0 0 401 190
0 0 406 195
0 0 402 190
0 0 403 189
0 0 403 188
0 0 404 185
0 0 184 77
0 0 192 68
0 0 194 68
0 0 195 67
0 0 193 72
0 0 193 73
0 0 194 73
0 0 194 72
0 0 195 73
0 0 192 78
0 0 188 89
0 0 196 79
0 0 196 80
0 0 192 89
0 0 184 103
0 0 190 93
0 0 191 93
0 0 192 96
0 0 185 109
0 0 177 124
0 0 164 149
0 0 193 100
0 0 171 142
0 0 191 111
0 0 192 111
0 0 185 129
0 0 186 129
0 0 189 131
0 0 189 134
0 0 177 164
0 0 184 147
0 0 187 145
0 0 190 139
0 0 195 132
0 0 197 129
0 0 198 130
0 0 196 136
0 0 197 136
0 0 194 145
0 0 197 138
0 0 195 152
0 0 195 153
0 0 195 157
0 0 195 159
0 0 196 159
0 0 189 183
0 0 190 183
0 0 190 184
0 0 190 189
0 0 192 189
0 0 192 190
0 0 202 159
0 0 204 160
0 0 192 206
0 0 193 207
0 0 218 285
0 0 219 284
0 0 219 285
0 0 220 289
0 0 237 398
0 0 238 397
0 0 245 397
0 0 250 398
0 0 253 398
0 0 410 346
0 0 411 345
0 0 414 347
0 0 415 349
0 0 394 302
0 0 392 295
0 0 393 295
0 0 395 297
0 0 395 295
0 0 396 295
0 0 398 295
0 0 403 304
0 0 427 347
0 0 398 289
0 0 398 287
0 0 399 286
0 0 398 278
0 0 409 298
0 0 433 339
0 0 402 280
0 0 413 298
0 0 408 285
0 0 409 285
0 0 409 283
0 0 441 331
0 0 425 301
0 0 403 260
0 0 403 256
0 0 405 256
0 0 403 251
0 0 406 251
0 0 404 247
0 0 396 232
0 0 399 236
0 0 399 234
0 0 399 233
0 0 400 232
0 0 403 235
0 0 401 232
0 0 402 232
0 0 403 232
0 0 404 232
0 0 402 227
0 0 401 224
0 0 401 223
0 0 399 217
0 0 410 229
0 0 402 212
0 0 403 212
0 0 400 206
0 0 401 206
0 0 405 207
0 0 405 206
0 0 406 207
0 0 407 206
0 0 408 206
0 0 408 205
0 0 417 215
0 0 405 199
0 0 407 200
0 0 405 194
0 0 402 188
0 0 404 189
0 0 404 188
0 0 404 187
0 0 425 211
0 0 188 70
0 0 187 73
0 0 193 77
0 0 195 76
0 0 194 77
0 0 195 78
0 0 191 85
0 0 196 78
0 0 197 79
0 0 190 94
0 0 192 97
0 0 186 108
0 0 189 107
0 0 188 109
0 0 190 106
0 0 190 107
0 0 189 111
0 0 192 108
0 0 190 112
0 0 202 93
0 0 185 128
0 0 186 130
0 0 190 134
0 0 185 146
0 0 185 150
0 0 190 141
0 0 191 140
0 0 196 138
0 0 196 139
0 0 197 139
0 0 196 145
0 0 197 145
0 0 196 151
0 0 196 154
0 0 195 158
0 0 194 163
0 0 195 163
0 0 195 166
0 0 196 166
0 0 187 196
0 0 187 201
0 0 187 203
0 0 187 205
0 0 188 204
0 0 207 309
0 0 207 317
0 0 207 325
0 0 207 333
0 0 207 342
0 0 207 352
0 0 207 361
0 0 206 372
0 0 217 286
0 0 218 286
0 0 219 286
0 0 221 291
0 0 239 398
0 0 241 398
0 0 242 398
0 0 245 398
0 0 253 396
0 0 254 398
0 0 376 351
0 0 377 350
0 0 378 350
0 0 404 346
0 0 405 345
0 0 406 346
0 0 409 349
0 0 409 348
0 0 410 345
0 0 413 348
0 0 414 346
0 0 415 347
0 0 416 347
0 0 395 300
0 0 396 300
0 0 396 298
0 0 409 319
0 0 425 349
0 0 397 289
0 0 396 286
0 0 398 285
0 0 399 285
0 0 406 297
0 0 417 316
0 0 433 342
0 0 401 281
0 0 402 281
0 0 403 280
0 0 407 286
0 0 412 290
0 0 411 287
0 0 393 254
0 0 421 294
0 0 419 289
0 0 399 251
0 0 402 255
0 0 403 255
0 0 397 242
0 0 397 241
0 0 398 240
0 0 400 240
0 0 402 242
0 0 401 239
0 0 400 236
0 0 404 240
0 0 401 234
0 0 401 233
0 0 402 234
0 0 403 233
0 0 405 234
0 0 400 226
0 0 399 222
0 0 400 222
0 0 400 215
0 0 401 213
0 0 401 212
0 0 401 211
0 0 402 211
0 0 412 224
0 0 403 204
0 0 402 202
0 0 422 227
0 0 432 239
0 0 407 205
0 0 407 203
0 0 404 195
0 0 401 189
0 0 401 188
0 0 402 187
0 0 404 186
0 0 183 76
0 0 168 95
0 0 193 68
0 0 195 68
0 0 191 76
0 0 186 84
0 0 195 74
0 0 190 81
0 0 189 83
0 0 189 82
0 0 196 76
0 0 196 77
0 0 197 76
0 0 197 77
0 0 191 90
0 0 185 101
0 0 181 109
0 0 186 102
0 0 192 91
0 0 192 92
0 0 192 94
0 0 186 109
0 0 178 124
0 0 188 107
0 0 188 108
0 0 190 108
0 0 187 119
0 0 185 126
0 0 163 173
0 0 202 96
0 0 202 97
0 0 188 128
0 0 190 131
0 0 190 132
0 0 191 132
0 0 183 151
0 0 190 138
0 0 191 138
0 0 191 137
0 0 193 136
0 0 182 162
0 0 193 139
0 0 193 140
0 0 192 143
0 0 193 145
0 0 195 143
0 0 194 146
0 0 197 144
0 0 199 151
0 0 196 164
0 0 186 197
0 0 186 198
0 0 187 198
0 0 189 198
0 0 189 199
0 0 189 201
0 0 208 195
0 0 208 198
0 0 208 200
0 0 208 203
0 0 208 206
0 0 208 210
0 0 208 215
0 0 208 219
0 0 208 223
0 0 208 227
0 0 208 231
0 0 207 235
0 0 207 240
0 0 207 245
0 0 207 249
0 0 207 254
0 0 207 260
0 0 207 265
0 0 207 271
0 0 207 277
0 0 207 282
0 0 207 289
0 0 207 295
0 0 207 303
0 0 207 310
0 0 206 318
0 0 206 326
0 0 206 334
0 0 206 343
0 0 206 353
0 0 206 363
0 0 206 373
0 0 206 385
0 0 217 288
0 0 219 287
0 0 227 373
0 0 228 373
0 0 238 398
0 0 239 396
0 0 246 399
0 0 251 408
0 0 389 413
0 0 389 398
0 0 410 350
0 0 409 344
0 0 411 347
0 0 413 347
0 0 416 350
0 0 416 348
0 0 417 350
0 0 402 315
0 0 403 315
0 0 404 315
0 0 405 315
0 0 407 315
0 0 408 315
0 0 407 312
0 0 407 309
0 0 395 285
0 0 397 285
0 0 397 284
0 0 399 284
0 0 399 283
0 0 407 296
0 0 407 295
0 0 409 297
0 0 403 281
0 0 403 279
0 0 433 331
0 0 413 291
0 0 400 257
0 0 401 256
0 0 398 249
0 0 399 249
0 0 402 252
0 0 401 249
0 0 401 247
0 0 397 240
0 0 398 239
0 0 399 239
0 0 399 238
0 0 401 238
0 0 399 232
0 0 399 230
0 0 400 229
0 0 400 228
0 0 399 225
0 0 403 228
0 0 401 225
0 0 404 227
0 0 401 222
0 0 400 209
0 0 402 208
0 0 407 213
0 0 405 209
0 0 411 216
0 0 414 218
0 0 401 200
0 0 401 199
0 0 401 197
0 0 402 197
0 0 403 197
0 0 409 200
0 0 411 201
0 0 406 193
0 0 410 197
0 0 185 73
0 0 186 73
0 0 184 82
0 0 195 71
0 0 191 77
0 0 187 84
0 0 192 90
0 0 191 92
0 0 177 116
0 0 193 92
0 0 192 93
0 0 193 93
0 0 194 93
0 0 187 105
0 0 188 106
0 0 187 117
0 0 192 109
0 0 186 120
0 0 187 120
0 0 187 128
0 0 189 128
0 0 194 121
0 0 181 152
0 0 195 121
0 0 195 122
0 0 191 133
0 0 192 133
0 0 186 148
0 0 186 149
0 0 190 140
0 0 191 139
0 0 187 149
0 0 188 150
0 0 191 141
0 0 192 141
0 0 191 145
0 0 193 141
0 0 193 143
0 0 195 139
0 0 196 143
0 0 198 142
0 0 197 150
0 0 198 151
0 0 198 152
0 0 196 161
0 0 185 199
0 0 186 199
0 0 183 210
0 0 184 210
0 0 185 210
0 0 186 209
0 0 183 221
0 0 189 203
0 0 202 174
0 0 203 174
0 0 203 175
0 0 204 175
0 0 205 175
0 0 206 175
0 0 207 175
0 0 208 176
0 0 208 177
0 0 208 186
0 0 208 189
0 0 208 190
0 0 208 194
0 0 208 197
0 0 208 214
0 0 207 218
0 0 208 221
0 0 208 225
0 0 208 230
0 0 208 234
0 0 208 238
0 0 207 243
0 0 207 248
0 0 207 252
0 0 207 258
0 0 207 263
0 0 207 268
0 0 207 274
0 0 207 280
0 0 207 287
0 0 207 293
0 0 207 301
0 0 207 308
0 0 207 315
0 0 207 323
0 0 207 332
0 0 206 340
0 0 206 350
0 0 207 358
0 0 217 287
0 0 219 288
0 0 220 288
0 0 216 419
0 0 228 282
0 0 228 289
0 0 229 290
0 0 275 378
0 0 276 376
0 0 350 356
0 0 352 357
0 0 353 357
0 0 354 356
0 0 366 386
0 0 366 382
0 0 366 378
0 0 366 374
0 0 366 371
0 0 366 368
0 0 366 365
0 0 366 361
0 0 366 357
0 0 366 353
0 0 366 350
0 0 366 346
0 0 366 343
0 0 366 340
0 0 366 337
0 0 366 334
0 0 377 352
0 0 377 348
0 0 377 346
0 0 389 368
0 0 390 361
0 0 389 358
0 0 389 355
0 0 389 350
0 0 390 344
0 0 389 341
0 0 389 339
0 0 390 325
0 0 390 315
0 0 390 313
0 0 390 310
0 0 390 308
0 0 390 306
0 0 390 304
0 0 390 301
0 0 412 346
0 0 390 296
0 0 419 354
0 0 390 293
0 0 418 347
0 0 418 346
0 0 419 345
0 0 403 311
0 0 403 308
0 0 391 281
0 0 393 281
0 0 394 282
0 0 395 281
0 0 398 284
0 0 425 333
0 0 428 333
0 0 404 287
0 0 405 287
0 0 406 286
0 0 416 298
0 0 393 255
0 0 438 324
0 0 442 327
0 0 400 255
0 0 401 252
0 0 401 251
0 0 401 248
0 0 400 246
0 0 396 237
0 0 397 236
0 0 398 234
0 0 400 233
0 0 399 224
0 0 399 223
0 0 400 224
0 0 402 222
0 0 401 218
0 0 401 208
0 0 402 206
0 0 401 204
0 0 402 203
0 0 410 210
0 0 405 200
0 0 402 194
0 0 403 194
0 0 403 193
0 0 403 192
0 0 445 243
0 0 409 197
0 0 408 193
0 0 409 193
0 0 411 194
0 0 192 76
0 0 191 78
0 0 194 76
0 0 190 87
0 0 189 88
0 0 195 85
0 0 193 89
0 0 193 90
0 0 193 91
0 0 193 94
0 0 192 98
0 0 190 105
0 0 187 116
0 0 188 116
0 0 187 118
0 0 188 120
0 0 188 121
0 0 187 123
0 0 186 128
0 0 193 121
0 0 194 120
0 0 196 122
0 0 196 123
0 0 189 141
0 0 192 138
0 0 193 137
0 0 194 136
0 0 195 135
0 0 196 140
0 0 196 152
0 0 194 161
0 0 198 153
0 0 181 208
0 0 181 210
0 0 184 212
0 0 188 202
0 0 201 175
0 0 208 187
0 0 208 192
0 0 207 195
0 0 207 198
0 0 207 202
0 0 208 204
0 0 207 208
0 0 208 212
0 0 207 223
0 0 207 227
0 0 207 231
0 0 207 244
0 0 207 250
0 0 207 255
0 0 207 259
0 0 207 270
0 0 207 276
0 0 207 281
0 0 206 296
0 0 206 306
0 0 208 309
0 0 208 310
0 0 209 311
0 0 210 312
0 0 211 313
0 0 211 314
0 0 212 316
0 0 213 317
0 0 214 317
0 0 219 290
0 0 216 320
0 0 217 323
0 0 227 221
0 0 228 223
0 0 229 224
0 0 231 217
0 0 230 222
0 0 230 252
0 0 227 331
0 0 228 337
0 0 228 339
0 0 229 340
0 0 233 361
0 0 255 316
0 0 256 316
0 0 257 317
0 0 274 322
0 0 275 324
0 0 276 322
0 0 277 319
0 0 277 311
0 0 278 305
0 0 278 304
0 0 283 317
0 0 284 313
0 0 293 328
0 0 303 320
0 0 303 315
0 0 311 345
0 0 311 341
0 0 312 336
0 0 312 332
0 0 312 328
0 0 340 381
0 0 349 356
0 0 351 356
0 0 352 356
0 0 353 356
0 0 368 389
0 0 369 381
0 0 368 373
0 0 368 364
0 0 369 356
0 0 369 345
0 0 368 339
0 0 367 330
0 0 366 327
0 0 366 324
0 0 367 322
0 0 367 319
0 0 367 316
0 0 367 314
0 0 367 311
0 0 367 309
0 0 367 307
0 0 367 304
0 0 367 301
0 0 367 298
0 0 367 296
0 0 367 293
0 0 367 291
0 0 367 289
0 0 367 287
0 0 367 284
0 0 367 282
0 0 368 280
0 0 389 326
0 0 390 324
0 0 390 319
0 0 390 317
0 0 390 314
0 0 390 311
0 0 390 309
0 0 390 307
0 0 412 352
0 0 413 351
0 0 414 351
0 0 390 298
0 0 415 345
0 0 390 292
0 0 390 289
0 0 390 287
0 0 390 285
0 0 390 283
0 0 390 282
0 0 369 237
0 0 370 238
0 0 371 239
0 0 425 341
0 0 428 343
0 0 427 339
0 0 424 332
0 0 426 333
0 0 434 345
0 0 428 331
0 0 404 286
0 0 405 285
0 0 405 284
0 0 439 342
0 0 415 298
0 0 437 323
0 0 446 336
0 0 448 338
0 0 439 320
0 0 447 332
0 0 402 254
0 0 398 243
0 0 399 242
0 0 400 242
0 0 400 239
0 0 400 237
0 0 402 238
0 0 410 250
0 0 409 246
0 0 397 226
0 0 398 226
0 0 401 227
0 0 400 223
0 0 402 221
0 0 403 221
0 0 402 219
0 0 403 219
0 0 400 211
0 0 405 215
0 0 408 218
0 0 408 217
0 0 408 216
0 0 403 208
0 0 411 215
0 0 411 214
0 0 409 209
0 0 402 200
0 0 403 200
0 0 419 219
0 0 402 195
0 0 404 194
0 0 403 191
0 0 405 192
0 0 407 193
0 0 407 192
0 0 409 192
0 0 407 190
0 0 186 72
0 0 193 71
0 0 192 85
0 0 193 87
0 0 193 103
0 0 188 115
0 0 188 117
0 0 199 96
0 0 200 98
0 0 177 149
0 0 189 124
0 0 173 161
0 0 204 97
0 0 195 120
0 0 182 159
0 0 194 135
0 0 195 136
0 0 195 138
0 0 196 137
0 0 196 148
0 0 197 148
0 0 197 147
0 0 194 159
0 0 195 164
0 0 185 196
0 0 185 197
0 0 199 154
0 0 183 207
0 0 184 208
0 0 184 209
0 0 185 209
0 0 187 202
0 0 188 201
0 0 203 164
0 0 202 175
0 0 207 187
0 0 208 193
0 0 208 196
0 0 208 199
0 0 208 209
0 0 207 213
0 0 207 217
0 0 207 220
0 0 207 224
0 0 207 229
0 0 207 233
0 0 207 237
0 0 207 242
0 0 207 246
0 0 207 251
0 0 206 265
0 0 208 267
0 0 208 268
0 0 209 269
0 0 210 269
0 0 211 270
0 0 211 271
0 0 212 272
0 0 213 273
0 0 214 274
0 0 215 275
0 0 215 276
0 0 217 277
0 0 218 280
0 0 219 280
0 0 228 193
0 0 228 198
0 0 229 198
0 0 230 198
0 0 231 192
0 0 231 199
0 0 230 214
0 0 230 219
0 0 230 228
0 0 228 274
0 0 229 293
0 0 230 294
0 0 231 295
0 0 231 296
0 0 232 298
0 0 233 300
0 0 234 310
0 0 234 311
0 0 235 311
0 0 236 311
0 0 237 312
0 0 238 312
0 0 248 276
0 0 248 277
0 0 249 277
0 0 250 277
0 0 251 278
0 0 252 278
0 0 253 278
0 0 254 278
0 0 255 278
0 0 256 278
0 0 257 279
0 0 258 279
0 0 259 279
0 0 259 280
0 0 260 280
0 0 261 280
0 0 262 281
0 0 263 281
0 0 264 281
0 0 265 281
0 0 266 281
0 0 267 281
0 0 268 281
0 0 269 282
0 0 270 283
0 0 271 283
0 0 272 283
0 0 273 283
0 0 274 283
0 0 275 284
0 0 276 281
0 0 277 280
0 0 277 277
0 0 277 271
0 0 277 265
0 0 278 263
0 0 280 277
0 0 281 277
0 0 282 276
0 0 283 276
0 0 283 275
0 0 284 271
0 0 284 267
0 0 284 262
0 0 284 257
0 0 289 284
0 0 290 284
0 0 291 284
0 0 292 283
0 0 293 281
0 0 293 278
0 0 293 275
0 0 293 271
0 0 293 266
0 0 297 276
0 0 297 272
0 0 297 268
0 0 297 264
0 0 298 264
0 0 299 264
0 0 303 277
0 0 303 274
0 0 303 270
0 0 303 266
0 0 309 294
0 0 310 293
0 0 311 292
0 0 312 291
0 0 312 288
0 0 312 284
0 0 313 281
0 0 312 278
0 0 312 274
0 0 312 271
0 0 318 290
0 0 318 287
0 0 318 283
0 0 318 278
0 0 319 276
0 0 362 349
0 0 362 347
0 0 362 344
0 0 363 341
0 0 363 338
0 0 363 336
0 0 364 336
0 0 365 336
0 0 366 336
0 0 368 336
0 0 368 335
0 0 369 333
0 0 369 332
0 0 371 334
0 0 368 323
0 0 369 322
0 0 375 334
0 0 369 314
0 0 378 335
0 0 379 334
0 0 380 335
0 0 368 302
0 0 369 302
0 0 384 336
0 0 386 335
0 0 387 336
0 0 369 292
0 0 369 289
0 0 367 279
0 0 367 277
0 0 367 275
0 0 368 273
0 0 367 271
0 0 367 269
0 0 367 267
0 0 368 265
0 0 368 263
0 0 368 262
0 0 368 260
0 0 368 258
0 0 368 256
0 0 368 254
0 0 389 297
0 0 389 291
0 0 389 289
0 0 420 343
0 0 369 238
0 0 424 342
0 0 426 343
0 0 426 340
0 0 396 281
0 0 433 349
0 0 425 330
0 0 429 336
0 0 430 336
0 0 437 347
0 0 440 350
0 0 427 324
0 0 415 299
0 0 441 341
0 0 392 254
0 0 444 336
0 0 445 335
0 0 438 320
0 0 398 252
0 0 398 250
0 0 449 333
0 0 450 331
0 0 398 245
0 0 398 242
0 0 399 241
0 0 399 240
0 0 398 235
0 0 398 233
0 0 408 245
0 0 398 228
0 0 399 227
0 0 399 221
0 0 401 219
0 0 402 220
0 0 402 217
0 0 404 208
0 0 401 194
0 0 401 192
0 0 401 191
0 0 402 191
0 0 404 192
0 0 405 189
0 0 406 189
0 0 180 78
0 0 186 74
0 0 185 74
0 0 189 76
0 0 189 77
0 0 189 78
0 0 195 80
0 0 194 87
0 0 187 104
0 0 183 115
0 0 187 108
0 0 193 98
0 0 189 109
0 0 192 105
0 0 190 110
0 0 191 109
0 0 186 122
0 0 186 123
0 0 188 125
0 0 188 127
0 0 202 99
0 0 203 97
0 0 194 116
0 0 194 119
0 0 189 139
0 0 195 127
0 0 195 128
0 0 196 128
0 0 193 142
0 0 194 139
0 0 194 141
0 0 194 147
0 0 197 146
0 0 193 160
0 0 194 158
0 0 197 161
0 0 198 162
0 0 200 162
0 0 204 164
0 0 205 164
0 0 207 186
0 0 207 189
0 0 208 191
0 0 207 194
0 0 207 197
0 0 207 200
0 0 207 203
0 0 207 207
0 0 207 210
0 0 208 213
0 0 207 221
0 0 207 228
0 0 208 229
0 0 209 230
0 0 210 231
0 0 210 232
0 0 211 232
0 0 211 233
0 0 212 234
0 0 213 234
0 0 213 235
0 0 214 235
0 0 214 236
0 0 215 237
0 0 216 237
0 0 217 238
0 0 218 241
0 0 228 165
0 0 228 170
0 0 228 173
0 0 229 173
0 0 230 173
0 0 231 165
0 0 231 170
0 0 231 176
0 0 230 187
0 0 231 190
0 0 231 195
0 0 228 240
0 0 227 247
0 0 228 249
0 0 228 253
0 0 229 254
0 0 230 255
0 0 231 256
0 0 231 257
0 0 232 258
0 0 233 259
0 0 233 261
0 0 234 268
0 0 235 267
0 0 235 270
0 0 236 272
0 0 236 273
0 0 237 274
0 0 238 274
0 0 239 274
0 0 240 274
0 0 241 274
0 0 242 274
0 0 243 274
0 0 244 274
0 0 245 275
0 0 246 275
0 0 247 276
0 0 248 239
0 0 249 239
0 0 250 239
0 0 251 240
0 0 252 240
0 0 253 240
0 0 254 240
0 0 255 240
0 0 256 239
0 0 257 239
0 0 258 240
0 0 259 240
0 0 260 241
0 0 261 241
0 0 262 241
0 0 263 242
0 0 264 242
0 0 265 242
0 0 265 243
0 0 266 243
0 0 267 243
0 0 268 243
0 0 269 244
0 0 270 244
0 0 271 245
0 0 272 245
0 0 273 246
0 0 274 246
0 0 275 246
0 0 277 247
0 0 277 246
0 0 278 243
0 0 278 238
0 0 278 234
0 0 278 230
0 0 278 228
0 0 281 243
0 0 282 241
0 0 282 240
0 0 283 240
0 0 284 239
0 0 284 238
0 0 284 234
0 0 285 232
0 0 285 228
0 0 285 224
0 0 289 248
0 0 290 246
0 0 291 246
0 0 292 246
0 0 293 246
0 0 293 245
0 0 294 242
0 0 294 239
0 0 294 237
0 0 294 233
0 0 294 230
0 0 297 239
0 0 298 236
0 0 298 233
0 0 297 230
0 0 298 228
0 0 299 228
0 0 299 229
0 0 303 242
0 0 304 241
0 0 304 238
0 0 304 235
0 0 304 232
0 0 311 254
0 0 312 254
0 0 312 251
0 0 313 250
0 0 312 246
0 0 313 245
0 0 313 242
0 0 313 240
0 0 313 237
0 0 313 234
0 0 318 251
0 0 319 250
0 0 319 246
0 0 319 244
0 0 319 241
0 0 320 242
0 0 331 277
0 0 332 278
0 0 333 279
0 0 335 280
0 0 336 281
0 0 339 283
0 0 340 283
0 0 340 284
0 0 343 286
0 0 360 299
0 0 361 299
0 0 362 299
0 0 363 299
0 0 363 297
0 0 364 294
0 0 364 292
0 0 364 290
0 0 364 289
0 0 365 289
0 0 366 289
0 0 368 289
0 0 369 288
0 0 370 290
0 0 371 289
0 0 371 287
0 0 372 285
0 0 373 286
0 0 374 286
0 0 375 286
0 0 375 285
0 0 377 286
0 0 378 286
0 0 369 264
0 0 380 285
0 0 381 285
0 0 382 286
0 0 383 286
0 0 368 253
0 0 368 251
0 0 369 250
0 0 369 248
0 0 369 247
0 0 369 245
0 0 369 243
0 0 369 241
0 0 369 240
0 0 368 237
0 0 391 278
0 0 393 279
0 0 394 280
0 0 395 280
0 0 396 280
0 0 398 280
0 0 399 281
0 0 394 268
0 0 398 273
0 0 432 333
0 0 399 267
0 0 397 255
0 0 398 255
0 0 398 254
0 0 399 252
0 0 399 247
0 0 399 243
0 0 398 232
0 0 398 230
0 0 398 225
0 0 400 221
0 0 401 220
0 0 403 222
0 0 400 214
0 0 405 218
0 0 405 216
0 0 405 214
0 0 401 205
0 0 407 211
0 0 400 201
0 0 400 198
0 0 401 198
0 0 400 194
0 0 400 192
0 0 404 193
0 0 402 189
0 0 403 190
0 0 405 190
0 0 406 191
0 0 406 190
0 0 188 69
0 0 183 89
0 0 183 90
0 0 185 87
0 0 190 83
0 0 194 84
0 0 193 86
0 0 187 102
0 0 187 103
0 0 189 102
0 0 194 95
0 0 193 96
0 0 194 97
0 0 194 98
0 0 194 99
0 0 194 100
0 0 193 105
0 0 196 100
0 0 198 99
0 0 203 96
0 0 196 121
0 0 195 124
0 0 176 169
0 0 189 138
0 0 196 126
0 0 196 127
0 0 195 134
0 0 195 147
0 0 195 150
0 0 195 151
0 0 197 149
0 0 197 155
0 0 198 155
0 0 199 156
0 0 198 160
0 0 198 161
0 0 199 161
0 0 200 160
0 0 200 161
0 0 205 161
0 0 205 162
0 0 198 189
0 0 199 189
0 0 200 189
0 0 200 190
0 0 201 189
0 0 202 189
0 0 203 189
0 0 209 199
0 0 209 200
0 0 210 200
0 0 210 201
0 0 211 201
0 0 211 202
0 0 212 202
0 0 212 203
0 0 213 203
0 0 213 204
0 0 214 204
0 0 215 205
0 0 215 206
0 0 216 207
0 0 217 207
0 0 218 209
0 0 219 209
0 0 228 144
0 0 228 148
0 0 229 148
0 0 230 148
0 0 231 144
0 0 231 145
0 0 231 148
0 0 231 152
0 0 230 163
0 0 231 168
0 0 231 174
0 0 228 207
0 0 228 215
0 0 228 221
0 0 229 222
0 0 230 223
0 0 230 224
0 0 231 225
0 0 232 226
0 0 232 227
0 0 233 229
0 0 234 230
0 0 234 236
0 0 235 238
0 0 235 237
0 0 236 237
0 0 237 237
0 0 237 238
0 0 238 238
0 0 239 238
0 0 240 238
0 0 241 238
0 0 242 238
0 0 243 238
0 0 244 238
0 0 245 238
0 0 246 238
0 0 247 239
0 0 248 215
0 0 249 215
0 0 250 215
0 0 251 215
0 0 252 215
0 0 253 215
0 0 254 215
0 0 255 215
0 0 256 215
0 0 257 215
0 0 258 215
0 0 259 215
0 0 259 216
0 0 260 216
0 0 261 216
0 0 262 216
0 0 263 216
0 0 264 217
0 0 265 217
0 0 266 217
0 0 267 217
0 0 268 217
0 0 268 218
0 0 269 218
0 0 270 218
0 0 271 218
0 0 272 218
0 0 272 219
0 0 273 219
0 0 274 219
0 0 275 219
0 0 277 219
0 0 277 218
0 0 278 218
0 0 278 215
0 0 278 211
0 0 278 207
0 0 278 204
0 0 279 203
0 0 281 215
0 0 282 214
0 0 283 214
0 0 283 213
0 0 284 213
0 0 284 211
0 0 285 210
0 0 285 206
0 0 285 203
0 0 285 199
0 0 289 221
0 0 290 220
0 0 291 221
0 0 291 220
0 0 292 220
0 0 293 219
0 0 293 218
0 0 294 216
0 0 294 214
0 0 294 212
0 0 294 209
0 0 294 206
0 0 297 215
0 0 298 213
0 0 298 210
0 0 297 208
0 0 298 205
0 0 298 203
0 0 299 203
0 0 300 203
0 0 304 216
0 0 304 214
0 0 304 211
0 0 304 209
0 0 304 206
0 0 311 229
0 0 311 227
0 0 312 227
0 0 312 225
0 0 313 224
0 0 313 221
0 0 313 220
0 0 313 218
0 0 313 216
0 0 313 213
0 0 313 211
0 0 313 209
0 0 319 225
0 0 319 223
0 0 319 222
0 0 328 245
0 0 329 246
0 0 329 247
0 0 330 247
0 0 332 248
0 0 333 248
0 0 334 249
0 0 335 250
0 0 336 250
0 0 337 251
0 0 338 252
0 0 339 252
0 0 340 253
0 0 341 253
0 0 342 253
0 0 343 254
0 0 344 255
0 0 345 256
0 0 346 256
0 0 347 257
0 0 349 257
0 0 350 258
0 0 351 259
0 0 352 259
0 0 353 259
0 0 354 260
0 0 355 260
0 0 358 263
0 0 359 263
0 0 361 263
0 0 362 264
0 0 363 264
0 0 364 264
0 0 364 262
0 0 364 260
0 0 364 259
0 0 364 257
0 0 365 256
0 0 365 254
0 0 365 253
0 0 366 252
0 0 367 253
0 0 366 247
0 0 365 242
0 0 365 241
0 0 365 240
0 0 367 241
0 0 367 240
0 0 368 241
0 0 369 235
0 0 370 235
0 0 380 254
0 0 382 255
0 0 383 255
0 0 384 255
0 0 385 255
0 0 385 254
0 0 386 254
0 0 387 254
0 0 388 253
0 0 389 253
0 0 390 251
0 0 390 250
0 0 390 249
0 0 390 248
0 0 391 247
0 0 391 245
0 0 391 244
0 0 392 243
0 0 393 243
0 0 393 242
0 0 395 244
0 0 396 244
0 0 395 238
0 0 396 238
0 0 400 238
0 0 396 224
0 0 398 223
0 0 402 214
0 0 403 213
0 0 399 205
0 0 405 210
0 0 413 219
0 0 405 208
0 0 400 200
0 0 405 198
0 0 405 197
0 0 405 191
0 0 401 184
0 0 401 183
0 0 188 76
0 0 188 80
0 0 183 88
0 0 195 82
0 0 194 85
0 0 194 96
0 0 195 96
0 0 199 90
0 0 195 97
0 0 196 97
0 0 195 101
0 0 195 100
0 0 196 101
0 0 197 99
0 0 197 98
0 0 200 97
0 0 193 116
0 0 194 114
0 0 195 114
0 0 194 115
0 0 195 116
0 0 192 124
0 0 196 116
0 0 196 120
0 0 188 139
0 0 198 150
0 0 197 154
0 0 197 153
0 0 197 157
0 0 197 160
0 0 198 159
0 0 199 160
0 0 200 159
0 0 203 158
0 0 204 158
0 0 204 167
0 0 204 170
0 0 204 169
0 0 205 169
0 0 206 169
0 0 206 170
0 0 206 171
0 0 206 172
0 0 206 174
0 0 208 175
0 0 208 174
0 0 207 183
0 0 207 184
0 0 208 183
0 0 208 182
0 0 209 182
0 0 210 182
0 0 211 183
0 0 212 183
0 0 213 183
0 0 213 184
0 0 214 184
0 0 215 185
0 0 216 186
0 0 216 187
0 0 217 186
0 0 218 187
0 0 227 129
0 0 227 131
0 0 228 132
0 0 229 132
0 0 228 140
0 0 230 128
0 0 230 129
0 0 230 132
0 0 231 134
0 0 231 137
0 0 230 143
0 0 230 147
0 0 231 151
0 0 231 155
0 0 228 190
0 0 228 199
0 0 229 200
0 0 229 201
0 0 230 202
0 0 231 203
0 0 231 204
0 0 232 204
0 0 233 205
0 0 233 207
0 0 233 208
0 0 234 212
0 0 234 214
0 0 235 214
0 0 236 215
0 0 237 215
0 0 238 215
0 0 239 215
0 0 240 215
0 0 241 215
0 0 242 215
0 0 243 215
0 0 244 215
0 0 245 215
0 0 246 215
0 0 247 215
0 0 248 195
0 0 249 195
0 0 250 195
0 0 251 195
0 0 252 195
0 0 252 196
0 0 253 195
0 0 254 195
0 0 255 195
0 0 256 195
0 0 257 195
0 0 258 195
0 0 259 195
0 0 260 195
0 0 261 195
0 0 262 195
0 0 263 195
0 0 263 196
0 0 264 196
0 0 265 196
0 0 266 196
0 0 267 196
0 0 268 196
0 0 269 196
0 0 270 196
0 0 271 197
0 0 272 197
0 0 273 197
0 0 274 197
0 0 275 197
0 0 276 197
0 0 277 197
0 0 277 196
0 0 278 196
0 0 278 194
0 0 278 191
0 0 278 188
0 0 278 185
0 0 279 183
0 0 282 193
0 0 283 192
0 0 284 192
0 0 285 191
0 0 285 188
0 0 285 187
0 0 285 185
0 0 285 182
0 0 285 179
0 0 285 177
0 0 290 196
0 0 291 196
0 0 292 197
0 0 292 196
0 0 292 195
0 0 293 195
0 0 294 195
0 0 294 193
0 0 294 192
0 0 294 190
0 0 294 188
0 0 294 186
0 0 294 183
0 0 294 181
0 0 298 192
0 0 298 190
0 0 298 188
0 0 298 186
0 0 298 184
0 0 298 182
0 0 298 181
0 0 299 182
0 0 300 182
0 0 300 181
0 0 304 193
0 0 304 191
0 0 304 189
0 0 304 186
0 0 304 184
0 0 304 183
0 0 311 203
0 0 312 203
0 0 312 201
0 0 313 200
0 0 313 199
0 0 313 197
0 0 313 196
0 0 313 195
0 0 313 193
0 0 313 191
0 0 313 189
0 0 313 187
0 0 313 186
0 0 319 200
0 0 319 199
0 0 319 197
0 0 328 219
0 0 329 219
0 0 330 219
0 0 331 220
0 0 332 221
0 0 333 222
0 0 334 222
0 0 335 223
0 0 337 223
0 0 338 224
0 0 339 224
0 0 339 225
0 0 340 225
0 0 341 226
0 0 342 225
0 0 343 225
0 0 344 226
0 0 345 227
0 0 346 228
0 0 347 228
0 0 348 229
0 0 349 229
0 0 350 229
0 0 351 229
0 0 352 230
0 0 353 230
0 0 354 231
0 0 355 231
0 0 357 231
0 0 358 232
0 0 359 232
0 0 359 233
0 0 360 233
0 0 361 233
0 0 363 233
0 0 364 234
0 0 365 234
0 0 365 232
0 0 366 231
0 0 366 229
0 0 366 228
0 0 366 227
0 0 367 226
0 0 367 225
0 0 367 224
0 0 367 223
0 0 369 224
0 0 370 225
0 0 371 225
0 0 372 224
0 0 373 224
0 0 374 224
0 0 375 223
0 0 376 223
0 0 377 223
0 0 368 207
0 0 368 206
0 0 368 204
0 0 368 203
0 0 381 222
0 0 382 222
0 0 383 222
0 0 384 222
0 0 385 222
0 0 386 222
0 0 387 222
0 0 388 221
0 0 389 221
0 0 390 221
0 0 390 220
0 0 390 219
0 0 391 218
0 0 391 217
0 0 391 216
0 0 392 215
0 0 392 212
0 0 398 218
0 0 399 216
0 0 399 215
0 0 401 214
0 0 400 208
0 0 404 206
0 0 399 197
0 0 400 196
0 0 400 195
0 0 401 195
0 0 399 190
0 0 400 189
0 0 401 186
0 0 399 183
0 0 399 182
0 0 400 182
0 0 189 73
0 0 188 74
0 0 186 82
0 0 180 96
0 0 190 84
0 0 191 83
0 0 195 81
0 0 196 81
0 0 194 88
0 0 195 88
0 0 196 88
0 0 194 91
0 0 193 95
0 0 195 92
0 0 193 97
0 0 196 93
0 0 198 90
0 0 197 92
0 0 199 91
0 0 199 92
0 0 199 93
0 0 196 99
0 0 201 91
0 0 195 105
0 0 196 112
0 0 204 96
0 0 195 117
0 0 196 117
0 0 180 160
0 0 196 133
0 0 196 134
0 0 196 142
0 0 196 144
0 0 196 149
0 0 198 147
0 0 198 148
0 0 198 149
0 0 199 150
0 0 199 152
0 0 200 152
0 0 201 152
0 0 201 154
0 0 202 154
0 0 203 154
0 0 204 155
0 0 205 155
0 0 206 155
0 0 206 156
0 0 206 157
0 0 207 157
0 0 207 158
0 0 208 159
0 0 209 160
0 0 209 161
0 0 209 162
0 0 209 163
0 0 210 163
0 0 210 164
0 0 211 164
0 0 211 166
0 0 212 166
0 0 212 167
0 0 213 167
0 0 213 168
0 0 214 168
0 0 215 169
0 0 216 169
0 0 216 170
0 0 217 170
0 0 227 115
0 0 227 116
0 0 227 117
0 0 227 120
0 0 227 121
0 0 227 123
0 0 228 123
0 0 230 114
0 0 230 115
0 0 230 117
0 0 230 119
0 0 230 121
0 0 230 123
0 0 230 125
0 0 230 130
0 0 230 134
0 0 230 135
0 0 231 138
0 0 231 141
0 0 228 182
0 0 228 183
0 0 229 185
0 0 229 186
0 0 230 186
0 0 231 187
0 0 231 188
0 0 232 188
0 0 232 189
0 0 233 189
0 0 233 191
0 0 234 191
0 0 234 195
0 0 234 196
0 0 235 196
0 0 236 196
0 0 237 196
0 0 238 196
0 0 239 196
0 0 240 196
0 0 241 196
0 0 242 196
0 0 243 196
0 0 244 196
0 0 245 195
0 0 246 195
0 0 247 195
0 0 248 179
0 0 249 179
0 0 250 179
0 0 251 179
0 0 252 179
0 0 253 179
0 0 254 179
0 0 255 179
0 0 256 179
0 0 257 179
0 0 258 179
0 0 259 179
0 0 260 179
0 0 261 179
0 0 262 179
0 0 263 179
0 0 264 179
0 0 265 179
0 0 266 179
0 0 267 180
0 0 268 180
0 0 269 180
0 0 270 180
0 0 271 180
0 0 272 180
0 0 273 180
0 0 274 180
0 0 275 180
0 0 276 180
0 0 277 181
0 0 277 180
0 0 277 179
0 0 278 179
0 0 278 177
0 0 278 174
0 0 278 172
0 0 279 169
0 0 278 168
0 0 279 168
0 0 280 170
0 0 281 170
0 0 282 171
0 0 283 171
0 0 283 173
0 0 284 173
0 0 285 174
0 0 285 171
0 0 285 168
0 0 285 167
0 0 285 165
0 0 285 162
0 0 285 161
0 0 290 179
0 0 290 178
0 0 291 179
0 0 292 179
0 0 292 178
0 0 293 178
0 0 293 177
0 0 294 176
0 0 294 174
0 0 295 173
0 0 294 171
0 0 294 169
0 0 294 167
0 0 294 165
0 0 295 163
0 0 298 173
0 0 298 172
0 0 298 170
0 0 298 168
0 0 298 166
0 0 298 165
0 0 298 164
0 0 299 164
0 0 300 164
0 0 304 175
0 0 304 174
0 0 304 172
0 0 304 170
0 0 304 169
0 0 304 167
0 0 304 165
0 0 311 184
0 0 311 183
0 0 312 182
0 0 313 183
0 0 313 180
0 0 313 179
0 0 313 177
0 0 314 176
0 0 314 174
0 0 314 173
0 0 314 171
0 0 313 170
0 0 313 168
0 0 313 167
0 0 319 180
0 0 319 179
0 0 320 178
0 0 328 198
0 0 319 172
0 0 320 172
0 0 319 170
0 0 333 199
0 0 333 200
0 0 334 200
0 0 335 200
0 0 336 201
0 0 337 201
0 0 338 202
0 0 339 202
0 0 340 203
0 0 341 203
0 0 342 203
0 0 343 203
0 0 344 204
0 0 345 204
0 0 346 205
0 0 347 205
0 0 348 206
0 0 349 206
0 0 350 206
0 0 351 206
0 0 352 206
0 0 353 207
0 0 354 207
0 0 355 207
0 0 356 207
0 0 357 207
0 0 358 208
0 0 359 208
0 0 360 208
0 0 361 208
0 0 362 208
0 0 363 208
0 0 364 209
0 0 365 209
0 0 366 210
0 0 367 209
0 0 367 208
0 0 367 206
0 0 367 205
0 0 367 204
0 0 367 203
0 0 368 202
0 0 368 201
0 0 368 200
0 0 369 200
0 0 369 199
0 0 369 198
0 0 369 197
0 0 369 195
0 0 370 195
0 0 370 194
0 0 373 198
0 0 374 198
0 0 369 189
0 0 370 189
0 0 370 187
0 0 377 198
0 0 378 198
0 0 379 198
0 0 380 198
0 0 381 197
0 0 382 197
0 0 383 197
0 0 384 197
0 0 385 196
0 0 386 196
0 0 387 196
0 0 388 196
0 0 389 196
0 0 390 196
0 0 391 195
0 0 392 194
0 0 393 193
0 0 393 192
0 0 393 191
0 0 394 191
0 0 395 190
0 0 395 189
0 0 396 189
0 0 395 187
0 0 398 189
0 0 399 189
0 0 399 185
0 0 399 184
0 0 400 183
0 0 186 75
0 0 190 73
0 0 195 83
0 0 195 87
0 0 194 89
0 0 195 89
0 0 195 90
0 0 196 89
0 0 195 91
0 0 196 91
0 0 198 89
0 0 199 88
0 0 198 91
0 0 200 90
0 0 200 91
0 0 201 90
0 0 200 92
0 0 198 103
0 0 198 105
0 0 199 105
0 0 198 108
0 0 195 123
0 0 194 124
0 0 195 126
0 0 194 129
0 0 200 140
0 0 200 141
0 0 200 142
0 0 200 143
0 0 201 143
0 0 201 144
0 0 202 144
0 0 203 144
0 0 204 145
0 0 205 145
0 0 206 145
0 0 207 145
0 0 208 145
0 0 208 146
0 0 208 147
0 0 209 148
0 0 209 149
0 0 209 150
0 0 210 150
0 0 210 151
0 0 211 151
0 0 212 152
0 0 212 153
0 0 213 153
0 0 213 154
0 0 214 155
0 0 214 156
0 0 226 103
0 0 226 104
0 0 226 105
0 0 226 107
0 0 227 107
0 0 228 106
0 0 229 102
0 0 229 104
0 0 229 105
0 0 229 106
0 0 229 108
0 0 229 109
0 0 229 110
0 0 230 112
0 0 229 117
0 0 230 122
0 0 230 127
0 0 228 157
0 0 229 167
0 0 229 168
0 0 230 168
0 0 230 169
0 0 231 169
0 0 232 159
0 0 233 161
0 0 233 159
0 0 233 166
0 0 234 164
0 0 234 170
0 0 234 176
0 0 234 180
0 0 235 180
0 0 236 180
0 0 237 180
0 0 238 180
0 0 239 180
0 0 240 180
0 0 241 180
0 0 242 180
0 0 243 180
0 0 244 179
0 0 245 179
0 0 246 179
0 0 247 179
0 0 248 166
0 0 249 166
0 0 250 166
0 0 251 166
0 0 252 166
0 0 253 166
0 0 254 166
0 0 255 166
0 0 255 165
0 0 256 166
0 0 257 165
0 0 258 166
0 0 259 166
0 0 260 166
0 0 261 166
0 0 262 166
0 0 263 166
0 0 264 166
0 0 265 166
0 0 266 166
0 0 267 166
0 0 268 166
0 0 269 166
0 0 270 166
0 0 270 167
0 0 271 167
0 0 271 166
0 0 272 167
0 0 273 167
0 0 274 167
0 0 275 167
0 0 276 167
0 0 277 167
0 0 278 167
0 0 278 166
0 0 279 164
0 0 279 162
0 0 279 160
0 0 279 158
0 0 279 156
0 0 279 154
0 0 281 158
0 0 282 161
0 0 283 160
0 0 283 161
0 0 284 161
0 0 284 160
0 0 284 158
0 0 285 158
0 0 285 159
0 0 285 157
0 0 285 155
0 0 285 154
0 0 285 152
0 0 285 150
0 0 286 148
0 0 289 161
0 0 290 162
0 0 291 164
0 0 291 163
0 0 292 163
0 0 293 163
0 0 293 164
0 0 294 163
0 0 294 162
0 0 295 161
0 0 294 159
0 0 295 159
0 0 295 158
0 0 295 156
0 0 295 154
0 0 295 152
0 0 295 151
0 0 295 149
0 0 298 158
0 0 298 157
0 0 298 156
0 0 298 154
0 0 298 153
0 0 298 151
0 0 299 150
0 0 300 150
0 0 300 149
0 0 304 160
0 0 305 159
0 0 305 157
0 0 305 156
0 0 305 154
0 0 304 153
0 0 304 152
0 0 304 150
0 0 311 167
0 0 312 166
0 0 313 166
0 0 314 166
0 0 313 164
0 0 313 163
0 0 314 162
0 0 314 161
0 0 314 159
0 0 314 158
0 0 314 157
0 0 314 156
0 0 314 154
0 0 314 153
0 0 314 152
0 0 319 163
0 0 320 163
0 0 320 162
0 0 329 180
0 0 330 180
0 0 331 181
0 0 332 181
0 0 333 181
0 0 333 182
0 0 334 182
0 0 335 182
0 0 336 183
0 0 337 183
0 0 338 183
0 0 338 184
0 0 339 184
0 0 340 184
0 0 342 185
0 0 343 185
0 0 344 185
0 0 345 185
0 0 346 186
0 0 347 186
0 0 348 186
0 0 349 186
0 0 350 187
0 0 351 187
0 0 352 187
0 0 353 187
0 0 354 188
0 0 354 187
0 0 355 188
0 0 356 188
0 0 357 188
0 0 358 188
0 0 359 188
0 0 360 188
0 0 361 188
0 0 361 189
0 0 362 189
0 0 363 189
0 0 364 189
0 0 365 188
0 0 365 189
0 0 367 190
0 0 368 190
0 0 368 189
0 0 369 188
0 0 369 187
0 0 369 186
0 0 369 185
0 0 369 184
0 0 369 183
0 0 369 182
0 0 370 181
0 0 370 180
0 0 370 179
0 0 371 179
0 0 372 179
0 0 373 178
0 0 374 178
0 0 375 178
0 0 376 178
0 0 377 178
0 0 378 177
0 0 379 177
0 0 380 177
0 0 381 177
0 0 382 176
0 0 383 176
0 0 384 176
0 0 385 176
0 0 386 176
0 0 387 176
0 0 388 175
0 0 389 175
0 0 390 174
0 0 391 174
0 0 392 174
0 0 392 173
0 0 393 173
0 0 159 104
0 0 194 64
0 0 181 80
0 0 182 79
0 0 168 97
0 0 193 76
0 0 197 78
0 0 197 80
0 0 195 84
0 0 194 90
0 0 196 87
0 0 197 88
0 0 198 88
0 0 197 89
0 0 199 87
0 0 199 89
0 0 201 89
0 0 196 106
0 0 197 107
0 0 204 95
0 0 193 119
0 0 194 122
0 0 194 125
0 0 195 125
0 0 196 125
0 0 197 128
0 0 200 136
0 0 200 135
0 0 201 136
0 0 202 136
0 0 203 135
0 0 204 135
0 0 205 135
0 0 205 134
0 0 206 134
0 0 207 133
0 0 207 134
0 0 208 135
0 0 208 136
0 0 209 136
0 0 209 137
0 0 210 137
0 0 210 138
0 0 211 139
0 0 212 140
0 0 213 141
0 0 214 142
0 0 226 94
0 0 226 95
0 0 226 96
0 0 226 97
0 0 226 98
0 0 227 98
0 0 228 97
0 0 228 94
0 0 228 95
0 0 229 96
0 0 229 97
0 0 229 98
0 0 229 99
0 0 229 100
0 0 229 103
0 0 229 111
0 0 229 112
0 0 230 113
0 0 230 116
0 0 230 118
0 0 230 120
0 0 227 150
0 0 229 154
0 0 229 155
0 0 230 155
0 0 230 156
0 0 231 156
0 0 232 151
0 0 232 150
0 0 233 150
0 0 233 151
0 0 234 151
0 0 234 152
0 0 234 156
0 0 234 161
0 0 234 168
0 0 235 168
0 0 236 167
0 0 237 167
0 0 238 167
0 0 239 167
0 0 240 167
0 0 241 167
0 0 242 167
0 0 243 166
0 0 244 167
0 0 244 166
0 0 245 166
0 0 246 166
0 0 247 166
0 0 248 152
0 0 249 152
0 0 250 152
0 0 251 152
0 0 252 152
0 0 253 152
0 0 254 152
0 0 255 152
0 0 255 151
0 0 256 151
0 0 257 151
0 0 257 150
0 0 258 151
0 0 259 151
0 0 260 151
0 0 261 151
0 0 261 152
0 0 262 152
0 0 263 152
0 0 264 152
0 0 265 152
0 0 266 152
0 0 267 152
0 0 268 152
0 0 269 152
0 0 270 152
0 0 271 152
0 0 272 152
0 0 273 152
0 0 274 152
0 0 275 152
0 0 276 152
0 0 277 152
0 0 278 152
0 0 278 151
0 0 279 150
0 0 279 148
0 0 279 146
0 0 279 144
0 0 279 142
0 0 279 141
0 0 279 140
0 0 280 141
0 0 282 147
0 0 283 147
0 0 283 146
0 0 284 146
0 0 285 146
0 0 285 145
0 0 285 142
0 0 286 141
0 0 286 139
0 0 286 138
0 0 285 136
0 0 286 134
0 0 290 149
0 0 290 148
0 0 291 148
0 0 292 149
0 0 293 149
0 0 294 148
0 0 294 147
0 0 295 146
0 0 295 144
0 0 295 143
0 0 295 142
0 0 295 141
0 0 295 139
0 0 295 138
0 0 295 136
0 0 295 135
0 0 298 143
0 0 298 141
0 0 298 140
0 0 298 139
0 0 299 138
0 0 299 136
0 0 298 136
0 0 299 135
0 0 300 135
0 0 300 136
0 0 301 135
0 0 305 144
0 0 305 142
0 0 305 141
0 0 305 140
0 0 305 139
0 0 305 138
0 0 305 136
0 0 311 150
0 0 312 150
0 0 313 150
0 0 314 150
0 0 314 149
0 0 314 147
0 0 313 146
0 0 314 146
0 0 314 145
0 0 314 144
0 0 314 143
0 0 314 141
0 0 314 139
0 0 314 138
0 0 314 137
0 0 314 136
0 0 319 146
0 0 320 146
0 0 320 145
0 0 329 161
0 0 330 161
0 0 331 161
0 0 332 161
0 0 332 162
0 0 333 162
0 0 334 162
0 0 335 162
0 0 336 162
0 0 336 163
0 0 337 163
0 0 338 163
0 0 339 163
0 0 340 163
0 0 341 163
0 0 341 164
0 0 342 164
0 0 342 163
0 0 343 163
0 0 344 163
0 0 345 164
0 0 346 164
0 0 347 164
0 0 348 165
0 0 349 165
0 0 350 165
0 0 351 165
0 0 352 165
0 0 353 166
0 0 354 166
0 0 355 166
0 0 356 166
0 0 357 166
0 0 358 167
0 0 359 167
0 0 360 167
0 0 361 167
0 0 362 167
0 0 363 167
0 0 364 167
0 0 365 167
0 0 366 167
0 0 367 167
0 0 368 168
0 0 369 168
0 0 370 169
0 0 370 168
0 0 371 167
0 0 371 166
0 0 371 165
0 0 371 164
0 0 371 163
0 0 371 162
0 0 371 161
0 0 372 161
0 0 372 160
0 0 372 159
0 0 372 158
0 0 373 157
0 0 374 157
0 0 375 157
0 0 376 156
0 0 377 156
0 0 378 156
0 0 194 63
0 0 188 73
0 0 195 65
0 0 195 66
0 0 194 75
0 0 195 75
0 0 198 79
0 0 194 86
0 0 195 86
0 0 199 79
0 0 197 87
0 0 198 87
0 0 199 86
0 0 200 88
0 0 202 94
0 0 199 103
0 0 198 106
0 0 198 107
0 0 199 108
0 0 198 109
0 0 198 111
0 0 199 109
0 0 197 115
0 0 198 116
0 0 197 123
0 0 197 126
0 0 197 125
0 0 198 125
0 0 199 127
0 0 200 127
0 0 201 127
0 0 205 119
0 0 205 120
0 0 206 119
0 0 207 119
0 0 207 120
0 0 207 121
0 0 208 122
0 0 209 122
0 0 209 123
0 0 210 123
0 0 210 124
0 0 211 125
0 0 212 126
0 0 213 127
0 0 225 84
0 0 225 85
0 0 225 86
0 0 225 87
0 0 225 88
0 0 225 89
0 0 225 90
0 0 225 91
0 0 225 92
0 0 227 84
0 0 228 85
0 0 228 86
0 0 228 87
0 0 228 88
0 0 228 89
0 0 228 90
0 0 228 92
0 0 228 93
0 0 228 96
0 0 228 98
0 0 228 99
0 0 229 101
0 0 229 107
0 0 226 138
0 0 228 131
0 0 227 139
0 0 228 139
0 0 229 140
0 0 229 141
0 0 230 141
0 0 230 142
0 0 231 142
0 0 232 140
0 0 232 139
0 0 233 139
0 0 233 140
0 0 234 140
0 0 234 142
0 0 234 146
0 0 235 153
0 0 236 153
0 0 237 153
0 0 238 153
0 0 239 153
0 0 240 153
0 0 241 153
0 0 242 153
0 0 243 152
0 0 244 152
0 0 245 152
0 0 246 152
0 0 247 152
0 0 248 143
0 0 249 143
0 0 250 143
0 0 251 143
0 0 252 143
0 0 253 143
0 0 254 143
0 0 255 143
0 0 256 143
0 0 256 142
0 0 257 142
0 0 258 142
0 0 259 142
0 0 260 142
0 0 260 143
0 0 261 143
0 0 262 143
0 0 263 143
0 0 264 143
0 0 265 143
0 0 266 143
0 0 267 143
0 0 268 143
0 0 269 143
0 0 270 143
0 0 271 143
0 0 272 143
0 0 272 144
0 0 273 144
0 0 274 144
0 0 275 143
0 0 276 143
0 0 277 143
0 0 278 143
0 0 279 143
0 0 279 138
0 0 279 136
0 0 279 135
0 0 279 133
0 0 279 132
0 0 280 132
0 0 282 138
0 0 283 138
0 0 283 137
0 0 284 137
0 0 284 138
0 0 285 137
0 0 285 134
0 0 286 133
0 0 286 132
0 0 286 130
0 0 286 129
0 0 286 127
0 0 286 126
0 0 291 140
0 0 291 139
0 0 292 140
0 0 292 139
0 0 293 139
0 0 294 139
0 0 294 138
0 0 295 137
0 0 295 134
0 0 295 133
0 0 295 132
0 0 295 131
0 0 295 129
0 0 295 128
0 0 295 127
0 0 299 134
0 0 298 133
0 0 299 132
0 0 299 130
0 0 299 129
0 0 299 128
0 0 299 127
0 0 299 126
0 0 300 126
0 0 301 126
0 0 305 134
0 0 305 132
0 0 305 130
0 0 305 129
0 0 305 128
0 0 305 127
0 0 311 140
0 0 312 140
0 0 312 139
0 0 313 140
0 0 313 139
0 0 313 138
0 0 314 135
0 0 314 134
0 0 314 133
0 0 314 132
0 0 314 131
0 0 314 130
0 0 314 129
0 0 314 128
0 0 314 127
0 0 320 136
0 0 320 135
0 0 329 149
0 0 320 132
0 0 320 131
0 0 320 130
0 0 331 149
0 0 332 150
0 0 333 150
0 0 334 150
0 0 335 150
0 0 336 150
0 0 337 151
0 0 338 151
0 0 339 151
0 0 340 151
0 0 341 151
0 0 342 151
0 0 343 151
0 0 343 150
0 0 344 151
0 0 345 151
0 0 346 152
0 0 347 152
0 0 348 152
0 0 349 152
0 0 350 152
0 0 351 152
0 0 352 152
0 0 353 153
0 0 354 153
0 0 355 153
0 0 356 153
0 0 357 153
0 0 358 153
0 0 359 153
0 0 360 153
0 0 360 154
0 0 361 154
0 0 362 154
0 0 363 154
0 0 364 154
0 0 365 154
0 0 366 154
0 0 367 154
0 0 368 154
0 0 369 154
0 0 370 155
0 0 371 155
0 0 372 155
0 0 372 154
0 0 373 153
0 0 373 152
0 0 373 151
0 0 373 150
0 0 185 76
0 0 194 66
0 0 188 78
0 0 196 70
0 0 199 74
0 0 196 83
0 0 196 84
0 0 196 85
0 0 198 81
0 0 197 84
0 0 198 84
0 0 197 85
0 0 199 84
0 0 197 86
0 0 198 86
0 0 201 88
0 0 202 89
0 0 201 92
0 0 199 106
0 0 202 100
0 0 199 107
0 0 200 108
0 0 198 114
0 0 199 114
0 0 199 116
0 0 203 108
0 0 203 109
0 0 203 110
0 0 205 108
0 0 204 109
0 0 206 108
0 0 206 109
0 0 206 110
0 0 207 110
0 0 207 111
0 0 207 112
0 0 207 113
0 0 208 113
0 0 208 114
0 0 208 115
0 0 209 115
0 0 209 116
0 0 210 116
0 0 210 117
0 0 211 117
0 0 211 118
0 0 212 118
0 0 212 119
0 0 224 79
0 0 224 80
0 0 224 81
0 0 224 82
0 0 224 83
0 0 224 84
0 0 224 85
0 0 227 79
0 0 227 80
0 0 227 81
0 0 227 82
0 0 227 83
0 0 227 85
0 0 228 91
0 0 225 128
0 0 228 115
0 0 225 129
0 0 226 130
0 0 229 133
0 0 230 133
0 0 232 132
0 0 232 130
0 0 233 131
0 0 233 132
0 0 234 133
0 0 234 136
0 0 234 137
0 0 234 139
0 0 234 144
0 0 235 144
0 0 236 144
0 0 237 144
0 0 238 144
0 0 239 144
0 0 240 144
0 0 241 144
0 0 242 144
0 0 243 144
0 0 244 144
0 0 245 144
0 0 246 144
0 0 246 143
0 0 247 143
0 0 248 133
0 0 249 133
0 0 250 133
0 0 251 133
0 0 252 133
0 0 253 133
0 0 254 133
0 0 255 132
0 0 256 132
0 0 257 132
0 0 258 132
0 0 259 133
0 0 260 133
0 0 261 132
0 0 261 133
0 0 262 133
0 0 263 133
0 0 264 133
0 0 265 133
0 0 266 133
0 0 267 133
0 0 268 133
0 0 269 133
0 0 270 133
0 0 271 133
0 0 272 133
0 0 273 133
0 0 274 133
0 0 275 133
0 0 276 133
0 0 277 133
0 0 278 133
0 0 279 130
0 0 279 129
0 0 279 127
0 0 279 126
0 0 279 124
0 0 279 123
0 0 280 122
0 0 281 127
0 0 282 128
0 0 283 128
0 0 283 127
0 0 283 126
0 0 284 126
0 0 284 125
0 0 285 125
0 0 286 124
0 0 286 122
0 0 286 121
0 0 286 120
0 0 286 118
0 0 286 117
0 0 286 116
0 0 290 128
0 0 291 128
0 0 292 128
0 0 293 128
0 0 293 127
0 0 294 128
0 0 294 127
0 0 294 126
0 0 295 126
0 0 295 125
0 0 295 124
0 0 295 123
0 0 295 122
0 0 295 121
0 0 295 120
0 0 295 119
0 0 295 118
0 0 295 117
0 0 295 116
0 0 298 124
0 0 299 123
0 0 299 122
0 0 299 121
0 0 299 120
0 0 299 119
0 0 299 118
0 0 299 117
0 0 299 116
0 0 300 116
0 0 301 116
0 0 305 123
0 0 305 122
0 0 305 121
0 0 305 120
0 0 305 119
0 0 305 118
0 0 305 117
0 0 305 116
0 0 311 128
0 0 312 128
0 0 313 128
0 0 313 127
0 0 314 126
0 0 314 125
0 0 314 124
0 0 314 123
0 0 314 122
0 0 314 121
0 0 314 120
0 0 314 119
0 0 314 118
0 0 314 117
0 0 314 116
0 0 319 123
0 0 319 121
0 0 320 121
0 0 319 119
0 0 320 119
0 0 320 118
0 0 331 136
0 0 332 136
0 0 333 136
0 0 334 136
0 0 335 136
0 0 336 136
0 0 337 136
0 0 338 136
0 0 339 136
0 0 340 136
0 0 340 137
0 0 341 137
0 0 342 137
0 0 343 137
0 0 344 137
0 0 345 137
0 0 346 137
0 0 347 137
0 0 348 137
0 0 349 137
0 0 350 137
0 0 351 137
0 0 352 137
0 0 353 137
0 0 354 137
0 0 355 137
0 0 356 138
0 0 356 137
0 0 357 137
0 0 358 137
0 0 358 138
0 0 359 138
0 0 360 138
0 0 361 137
0 0 362 137
0 0 363 137
0 0 195 62
0 0 187 74
0 0 187 75
0 0 196 71
0 0 198 70
0 0 199 70
0 0 199 72
0 0 200 72
0 0 200 73
0 0 197 81
0 0 198 82
0 0 198 83
0 0 199 82
0 0 198 85
0 0 199 85
0 0 200 86
0 0 200 87
0 0 200 89
0 0 202 88
0 0 202 90
0 0 202 91
0 0 202 92
0 0 203 98
0 0 204 98
0 0 204 99
0 0 205 99
0 0 205 100
0 0 206 101
0 0 207 102
0 0 207 103
0 0 208 103
0 0 208 105
0 0 209 106
0 0 209 107
0 0 210 107
0 0 211 108
0 0 223 72
0 0 224 72
0 0 224 73
0 0 224 74
0 0 224 75
0 0 224 76
0 0 224 77
0 0 224 78
0 0 226 72
0 0 226 73
0 0 227 73
0 0 227 74
0 0 227 75
0 0 227 76
0 0 227 77
0 0 227 78
0 0 227 86
0 0 227 87
0 0 224 118
0 0 227 106
0 0 225 119
0 0 226 118
0 0 227 114
0 0 228 116
0 0 227 122
0 0 228 122
0 0 229 123
0 0 229 124
0 0 230 124
0 0 231 118
0 0 232 118
0 0 233 119
0 0 233 121
0 0 233 122
0 0 233 123
0 0 233 127
0 0 234 127
0 0 234 128
0 0 234 130
0 0 234 135
0 0 235 135
0 0 236 135
0 0 236 134
0 0 237 134
0 0 238 134
0 0 239 134
0 0 240 134
0 0 241 134
0 0 242 134
0 0 243 134
0 0 244 134
0 0 245 134
0 0 245 133
0 0 246 133
0 0 247 133
0 0 248 125
0 0 248 126
0 0 249 125
0 0 250 125
0 0 251 125
0 0 252 125
0 0 253 125
0 0 254 125
0 0 255 125
0 0 256 125
0 0 257 125
0 0 257 124
0 0 258 124
0 0 258 125
0 0 259 125
0 0 260 125
0 0 261 125
0 0 262 125
0 0 263 125
0 0 264 125
0 0 265 125
0 0 265 124
0 0 266 125
0 0 266 124
0 0 267 124
0 0 268 124
0 0 269 124
0 0 270 124
0 0 270 125
0 0 271 125
0 0 271 124
0 0 272 124
0 0 273 124
0 0 274 125
0 0 274 124
0 0 275 124
0 0 276 124
0 0 277 124
0 0 278 124
0 0 279 122
0 0 279 121
0 0 279 120
0 0 279 118
0 0 279 117
0 0 279 116
0 0 279 115
0 0 279 114
0 0 280 114
0 0 280 116
0 0 282 120
0 0 282 119
0 0 283 119
0 0 283 118
0 0 283 117
0 0 284 117
0 0 285 117
0 0 286 114
0 0 286 113
0 0 286 112
0 0 286 110
0 0 286 109
0 0 286 108
0 0 286 107
0 0 290 119
0 0 291 119
0 0 292 119
0 0 293 119
0 0 294 119
0 0 294 118
0 0 294 117
0 0 295 115
0 0 295 114
0 0 295 113
0 0 295 112
0 0 295 111
0 0 295 109
0 0 295 108
0 0 299 114
0 0 299 113
0 0 299 112
0 0 299 111
0 0 299 110
0 0 299 109
0 0 299 108
0 0 299 107
0 0 300 107
0 0 301 107
0 0 305 114
0 0 305 113
0 0 305 112
0 0 305 111
0 0 305 110
0 0 305 109
0 0 305 108
0 0 305 107
0 0 312 119
0 0 313 118
0 0 313 117
0 0 314 115
0 0 314 114
0 0 314 113
0 0 314 112
0 0 314 111
0 0 314 110
0 0 314 109
0 0 314 108
0 0 314 107
0 0 314 106
0 0 320 114
0 0 320 113
0 0 320 112
0 0 321 112
0 0 329 124
0 0 330 124
0 0 331 124
0 0 332 124
0 0 333 124
0 0 334 124
0 0 335 124
0 0 336 124
0 0 337 124
0 0 338 124
0 0 339 124
0 0 340 124
0 0 341 124
0 0 342 124
0 0 343 124
0 0 343 123
0 0 344 123
0 0 345 124
0 0 346 124
0 0 347 124
0 0 348 124
0 0 349 124
0 0 350 124
0 0 351 124
0 0 196 65
0 0 196 66
0 0 188 77
0 0 195 70
0 0 198 69
0 0 197 70
0 0 196 72
0 0 197 71
0 0 198 71
0 0 197 74
0 0 198 73
0 0 197 82
0 0 199 80
0 0 199 81
0 0 200 83
0 0 200 84
0 0 200 85
0 0 201 86
0 0 201 87
0 0 203 88
0 0 203 89
0 0 204 89
0 0 204 90
0 0 204 91
0 0 204 92
0 0 205 92
0 0 205 93
0 0 205 94
0 0 206 94
0 0 206 95
0 0 207 95
0 0 207 96
0 0 207 97
0 0 208 97
0 0 208 98
0 0 209 98
0 0 209 99
0 0 210 99
0 0 210 100
0 0 211 100
0 0 223 67
0 0 223 68
0 0 223 69
0 0 223 70
0 0 223 71
0 0 223 73
0 0 225 68
0 0 226 67
0 0 226 68
0 0 226 69
0 0 226 70
0 0 226 71
0 0 226 74
0 0 226 76
0 0 226 77
0 0 226 78
0 0 226 79
0 0 223 110
0 0 224 111
0 0 225 111
0 0 225 112
0 0 226 113
0 0 227 113
0 0 228 114
0 0 229 115
0 0 231 103
0 0 233 95
0 0 232 102
0 0 232 111
0 0 232 110
0 0 232 112
0 0 233 113
0 0 233 115
0 0 233 116
0 0 233 118
0 0 234 121
0 0 234 123
0 0 234 124
0 0 234 126
0 0 235 126
0 0 236 126
0 0 237 126
0 0 238 126
0 0 239 126
0 0 240 126
0 0 241 126
0 0 242 126
0 0 243 126
0 0 244 126
0 0 245 126
0 0 246 126
0 0 247 126
0 0 248 119
0 0 249 119
0 0 250 119
0 0 251 119
0 0 252 119
0 0 253 119
0 0 254 119
0 0 254 118
0 0 255 118
0 0 256 118
0 0 257 118
0 0 258 118
0 0 259 118
0 0 260 118
0 0 261 118
0 0 262 118
0 0 263 118
0 0 264 118
0 0 265 118
0 0 266 118
0 0 267 118
0 0 268 118
0 0 269 118
0 0 270 118
0 0 271 117
0 0 271 118
0 0 272 117
0 0 273 117
0 0 274 117
0 0 275 117
0 0 276 117
0 0 277 117
0 0 278 117
0 0 279 112
0 0 279 111
0 0 279 110
0 0 279 109
0 0 279 108
0 0 280 107
0 0 280 108
0 0 282 113
0 0 282 112
0 0 283 111
0 0 284 112
0 0 284 111
0 0 285 111
0 0 285 110
0 0 285 109
0 0 286 106
0 0 286 105
0 0 286 104
0 0 286 103
0 0 286 102
0 0 286 101
0 0 290 112
0 0 290 111
0 0 291 111
0 0 292 110
0 0 293 111
0 0 294 111
0 0 294 109
0 0 295 107
0 0 295 106
0 0 295 105
0 0 295 104
0 0 295 103
0 0 295 102
0 0 295 101
0 0 299 106
0 0 299 105
0 0 299 104
0 0 299 103
0 0 299 102
0 0 299 101
0 0 299 100
0 0 300 100
0 0 301 100
0 0 301 99
0 0 305 106
0 0 305 105
0 0 305 104
0 0 305 103
0 0 305 102
0 0 305 101
0 0 305 100
0 0 312 111
0 0 313 110
0 0 313 109
0 0 313 108
0 0 314 105
0 0 314 104
0 0 314 103
0 0 314 102
0 0 314 101
0 0 314 100
0 0 314 99
0 0 314 98
0 0 320 106
0 0 320 105
0 0 320 104
0 0 321 104
0 0 329 115
0 0 329 114
0 0 330 114
0 0 331 114
0 0 332 114
0 0 333 114
0 0 334 114
0 0 335 114
0 0 336 114
0 0 337 114
0 0 338 114
0 0 339 114
0 0 339 113
0 0 340 114
0 0 340 113
0 0 341 113
0 0 342 113
0 0 343 114
0 0 196 62
0 0 195 64
0 0 196 64
0 0 197 63
0 0 196 67
0 0 190 76
0 0 196 68
0 0 197 68
0 0 197 69
0 0 198 68
0 0 197 72
0 0 197 73
0 0 197 75
0 0 198 78
0 0 200 81
0 0 201 81
0 0 201 82
0 0 201 83
0 0 202 82
0 0 202 83
0 0 203 83
0 0 203 84
0 0 203 85
0 0 204 85
0 0 204 86
0 0 205 86
0 0 205 87
0 0 206 88
0 0 206 89
0 0 207 89
0 0 207 90
0 0 207 91
0 0 208 91
0 0 208 92
0 0 209 92
0 0 209 93
0 0 210 93
0 0 222 63
0 0 223 63
0 0 222 64
0 0 223 65
0 0 222 65
0 0 223 66
0 0 225 63
0 0 225 64
0 0 226 64
0 0 226 65
0 0 226 66
0 0 226 75
0 0 222 103
0 0 223 103
0 0 223 104
0 0 224 104
0 0 224 105
0 0 225 105
0 0 225 106
0 0 226 106
0 0 228 108
0 0 232 95
0 0 230 109
0 0 231 102
0 0 232 104
0 0 232 105
0 0 232 108
0 0 232 109
0 0 233 111
0 0 233 112
0 0 233 114
0 0 233 117
0 0 234 119
0 0 235 119
0 0 235 120
0 0 236 120
0 0 236 121
0 0 237 121
0 0 238 120
0 0 239 120
0 0 240 120
0 0 240 119
0 0 241 119
0 0 242 119
0 0 243 119
0 0 244 119
0 0 245 119
0 0 246 119
0 0 247 119
0 0 248 111
0 0 249 111
0 0 249 112
0 0 250 111
0 0 251 111
0 0 252 111
0 0 253 111
0 0 254 111
0 0 255 111
0 0 256 111
0 0 257 111
0 0 258 111
0 0 259 111
0 0 260 111
0 0 261 111
0 0 261 110
0 0 262 110
0 0 263 110
0 0 264 110
0 0 265 110
0 0 266 110
0 0 267 110
0 0 268 110
0 0 269 110
0 0 270 110
0 0 271 110
0 0 272 110
0 0 273 110
0 0 274 110
0 0 275 110
0 0 276 109
0 0 277 109
0 0 278 110
0 0 278 109
0 0 279 107
0 0 279 106
0 0 279 105
0 0 279 104
0 0 279 103
0 0 279 102
0 0 279 101
0 0 279 100
0 0 280 100
0 0 281 104
0 0 282 105
0 0 283 105
0 0 283 104
0 0 284 104
0 0 285 104
0 0 285 102
0 0 285 101
0 0 285 100
0 0 286 100
0 0 286 99
0 0 286 98
0 0 286 97
0 0 286 96
0 0 286 95
0 0 286 94
0 0 290 104
0 0 290 103
0 0 291 104
0 0 292 104
0 0 293 104
0 0 294 104
0 0 294 103
0 0 295 100
0 0 295 99
0 0 295 98
0 0 295 97
0 0 295 96
0 0 295 95
0 0 295 94
0 0 295 93
0 0 298 99
0 0 299 98
0 0 299 97
0 0 299 96
0 0 299 95
0 0 299 94
0 0 299 93
0 0 299 92
0 0 300 92
0 0 301 92
0 0 305 98
0 0 305 97
0 0 305 96
0 0 305 95
0 0 305 94
0 0 305 93
0 0 305 92
0 0 305 91
0 0 312 102
0 0 312 101
0 0 313 101
0 0 313 100
0 0 314 97
0 0 314 96
0 0 314 95
0 0 314 94
0 0 314 93
0 0 314 92
0 0 314 91
0 0 314 90
0 0 314 89
0 0 320 96
0 0 320 95
0 0 321 95
0 0 321 94
0 0 329 104
0 0 330 103
0 0 331 103
0 0 332 103
0 0 333 103
0 0 195 63
0 0 194 65
0 0 197 65
0 0 197 67
0 0 196 69
0 0 198 67
0 0 195 72
0 0 196 73
0 0 196 74
0 0 199 75
0 0 201 72
0 0 200 75
0 0 199 76
0 0 199 77
0 0 200 77
0 0 201 76
0 0 201 77
0 0 202 78
0 0 203 78
0 0 204 78
0 0 204 79
0 0 204 80
0 0 205 80
0 0 205 81
0 0 206 81
0 0 206 82
0 0 206 83
0 0 207 83
0 0 207 84
0 0 208 84
0 0 208 85
0 0 209 85
0 0 209 86
0 0 210 86
0 0 222 58
0 0 222 59
0 0 222 60
0 0 223 60
0 0 224 59
0 0 225 58
0 0 225 59
0 0 225 60
0 0 225 61
0 0 225 62
0 0 226 63
0 0 225 65
0 0 225 66
0 0 225 67
0 0 222 96
0 0 223 96
0 0 224 96
0 0 224 97
0 0 225 98
0 0 225 99
0 0 226 99
0 0 227 100
0 0 228 100
0 0 228 101
0 0 230 96
0 0 231 94
0 0 231 96
0 0 231 97
0 0 231 98
0 0 231 99
0 0 232 100
0 0 232 101
0 0 233 105
0 0 233 107
0 0 233 108
0 0 233 110
0 0 234 111
0 0 235 111
0 0 236 111
0 0 237 111
0 0 237 112
0 0 238 112
0 0 239 112
0 0 240 112
0 0 241 112
0 0 242 112
0 0 243 112
0 0 244 112
0 0 245 111
0 0 245 112
0 0 246 112
0 0 246 111
0 0 247 111
0 0 248 106
0 0 249 106
0 0 250 106
0 0 251 106
0 0 252 106
0 0 253 106
0 0 254 106
0 0 254 105
0 0 255 105
0 0 256 105
0 0 257 105
0 0 258 105
0 0 259 105
0 0 260 105
0 0 261 105
0 0 262 105
0 0 263 105
0 0 263 104
0 0 264 104
0 0 265 104
0 0 266 104
0 0 267 104
0 0 268 104
0 0 269 104
0 0 270 104
0 0 271 104
0 0 272 104
0 0 273 104
0 0 274 104
0 0 275 104
0 0 275 103
0 0 276 103
0 0 277 103
0 0 278 103
0 0 279 99
0 0 279 98
0 0 279 97
0 0 279 96
0 0 279 95
0 0 280 94
0 0 282 99
0 0 283 99
0 0 284 99
0 0 283 97
0 0 284 97
0 0 284 96
0 0 285 96
0 0 286 93
0 0 286 92
0 0 286 91
0 0 286 90
0 0 286 89
0 0 286 88
0 0 291 98
0 0 291 97
0 0 288 91
0 0 289 91
0 0 289 90
0 0 289 89
0 0 293 97
0 0 294 97
0 0 294 96
0 0 294 95
0 0 295 92
0 0 295 91
0 0 295 90
0 0 295 89
0 0 295 88
0 0 295 87
0 0 299 91
0 0 299 90
0 0 299 89
0 0 299 88
0 0 299 87
0 0 299 86
0 0 300 86
0 0 301 86
0 0 305 90
0 0 305 89
0 0 305 88
0 0 305 87
0 0 305 86
0 0 305 85
0 0 312 95
0 0 312 94
0 0 313 94
0 0 313 93
0 0 313 92
0 0 314 88
0 0 314 87
0 0 315 86
0 0 314 85
0 0 314 84
0 0 314 83
0 0 314 82
0 0 320 89
0 0 320 88
0 0 320 87
0 0 196 63
0 0 199 65
0 0 199 66
0 0 196 75
0 0 199 71
0 0 201 73
0 0 202 73
0 0 203 73
0 0 204 73
0 0 204 74
0 0 204 75
0 0 205 75
0 0 205 74
0 0 205 76
0 0 206 77
0 0 206 78
0 0 207 78
0 0 207 79
0 0 208 79
0 0 208 80
0 0 209 80
0 0 222 54
0 0 222 55
0 0 222 56
0 0 222 57
0 0 224 54
0 0 225 55
0 0 225 56
0 0 225 57
0 0 221 90
0 0 222 90
0 0 222 91
0 0 223 91
0 0 224 92
0 0 225 93
0 0 226 93
0 0 227 94
0 0 227 95
0 0 229 94
0 0 229 92
0 0 230 92
0 0 230 91
0 0 231 93
0 0 231 95
0 0 232 98
0 0 232 99
0 0 233 102
0 0 233 103
0 0 234 105
0 0 234 106
0 0 235 106
0 0 235 105
0 0 236 106
0 0 237 106
0 0 238 106
0 0 239 106
0 0 240 106
0 0 241 106
0 0 242 106
0 0 243 106
0 0 244 106
0 0 245 106
0 0 246 106
0 0 247 106
0 0 248 100
0 0 249 100
0 0 250 100
0 0 251 100
0 0 252 100
0 0 253 100
0 0 254 100
0 0 255 100
0 0 256 100
0 0 257 100
0 0 258 100
0 0 258 99
0 0 259 100
0 0 259 99
0 0 260 99
0 0 261 99
0 0 262 99
0 0 263 99
0 0 264 99
0 0 265 99
0 0 266 99
0 0 267 99
0 0 268 99
0 0 269 99
0 0 270 98
0 0 271 98
0 0 272 98
0 0 273 98
0 0 274 98
0 0 275 98
0 0 276 98
0 0 277 97
0 0 278 97
0 0 279 94
0 0 279 93
0 0 279 92
0 0 279 91
0 0 279 90
0 0 280 89
0 0 281 89
0 0 282 92
0 0 282 93
0 0 283 93
0 0 283 92
0 0 284 92
0 0 285 92
0 0 285 91
0 0 286 87
0 0 286 86
0 0 286 85
0 0 286 84
0 0 286 83
0 0 290 91
0 0 291 91
0 0 292 91
0 0 292 90
0 0 293 90
0 0 294 90
0 0 296 87
0 0 295 86
0 0 296 85
0 0 296 84
0 0 295 83
0 0 295 82
0 0 299 85
0 0 299 84
0 0 299 83
0 0 299 82
0 0 299 81
0 0 300 80
0 0 301 80
0 0 305 84
0 0 305 83
0 0 305 82
0 0 305 81
0 0 305 80
0 0 305 79
0 0 311 86
0 0 312 86
0 0 312 87
0 0 313 86
0 0 314 86
0 0 315 83
0 0 315 82
0 0 314 81
0 0 315 81
0 0 197 60
0 0 198 60
0 0 199 62
0 0 199 63
0 0 199 64
0 0 200 66
0 0 200 67
0 0 201 67
0 0 202 67
0 0 202 68
0 0 202 69
0 0 203 68
0 0 203 69
0 0 204 69
0 0 204 70
0 0 204 71
0 0 205 70
0 0 205 71
0 0 205 72
0 0 206 72
0 0 206 73
0 0 207 73
0 0 207 74
0 0 208 74
0 0 208 75
0 0 209 75
0 0 221 51
0 0 221 52
0 0 221 53
0 0 221 54
0 0 223 52
0 0 224 50
0 0 224 51
0 0 224 52
0 0 224 53
0 0 224 55
0 0 224 56
0 0 224 57
0 0 224 58
0 0 224 60
0 0 224 61
0 0 225 71
0 0 221 85
0 0 221 86
0 0 222 86
0 0 223 86
0 0 223 87
0 0 224 87
0 0 226 89
0 0 227 90
0 0 229 87
0 0 230 85
0 0 230 86
0 0 230 88
0 0 230 90
0 0 231 90
0 0 231 91
0 0 231 92
0 0 232 94
0 0 232 96
0 0 232 97
0 0 233 99
0 0 233 100
0 0 234 100
0 0 235 100
0 0 236 100
0 0 237 100
0 0 238 100
0 0 239 100
0 0 240 100
0 0 241 100
0 0 242 100
0 0 243 100
0 0 244 100
0 0 245 100
0 0 246 100
0 0 247 100
0 0 248 95
0 0 249 95
0 0 250 95
0 0 251 95
0 0 252 95
0 0 253 95
0 0 254 95
0 0 255 95
0 0 256 95
0 0 257 95
0 0 257 94
0 0 258 94
0 0 259 94
0 0 260 94
0 0 261 94
0 0 262 94
0 0 263 94
0 0 264 94
0 0 265 94
0 0 266 94
0 0 267 94
0 0 268 93
0 0 269 93
0 0 270 93
0 0 271 93
0 0 272 93
0 0 273 93
0 0 274 93
0 0 275 93
0 0 275 92
0 0 276 92
0 0 277 92
0 0 278 92
0 0 279 89
0 0 279 88
0 0 279 87
0 0 279 86
0 0 279 85
0 0 279 84
0 0 280 84
0 0 281 84
0 0 282 88
0 0 283 88
0 0 283 87
0 0 284 87
0 0 284 88
0 0 285 87
0 0 285 84
0 0 286 82
0 0 286 81
0 0 286 80
0 0 286 79
0 0 286 78
0 0 291 86
0 0 292 87
0 0 292 86
0 0 293 86
0 0 294 86
0 0 294 85
0 0 294 84
0 0 295 84
0 0 295 81
0 0 295 80
0 0 295 79
0 0 296 79
0 0 295 78
0 0 295 77
0 0 295 76
0 0 299 80
0 0 299 79
0 0 299 78
0 0 299 77
0 0 299 76
0 0 299 75
0 0 300 75
0 0 301 74
0 0 305 78
0 0 305 77
0 0 305 76
0 0 305 75
0 0 305 74
0 0 305 73
0 0 312 81
0 0 312 80
0 0 313 80
0 0 314 80
0 0 200 57
0 0 199 57
0 0 199 59
0 0 199 60
0 0 200 60
0 0 201 59
0 0 201 60
0 0 201 61
0 0 201 62
0 0 202 61
0 0 202 62
0 0 202 63
0 0 203 63
0 0 203 64
0 0 204 64
0 0 204 65
0 0 205 65
0 0 205 66
0 0 205 67
0 0 206 67
0 0 206 68
0 0 207 68
0 0 207 69
0 0 208 69
0 0 208 70
0 0 221 48
0 0 221 49
0 0 221 50
0 0 223 46
0 0 223 47
0 0 224 47
0 0 224 48
0 0 224 49
0 0 220 80
0 0 221 80
0 0 222 80
0 0 222 81
0 0 223 80
0 0 223 82
0 0 225 83
0 0 226 84
0 0 226 85
0 0 229 80
0 0 229 83
0 0 229 82
0 0 230 83
0 0 230 84
0 0 231 85
0 0 231 86
0 0 231 87
0 0 231 88
0 0 231 89
0 0 232 92
0 0 232 93
0 0 233 94
0 0 234 94
0 0 235 94
0 0 236 94
0 0 237 95
0 0 237 94
0 0 238 95
0 0 239 95
0 0 240 95
0 0 241 95
0 0 242 95
0 0 243 95
0 0 244 95
0 0 245 95
0 0 246 95
0 0 247 95
0 0 248 91
0 0 249 91
0 0 250 91
0 0 251 91
0 0 252 91
0 0 253 91
0 0 254 91
0 0 255 91
0 0 256 91
0 0 257 91
0 0 258 90
0 0 259 90
0 0 260 90
0 0 261 90
0 0 262 90
0 0 263 90
0 0 264 90
0 0 265 90
0 0 266 90
0 0 267 90
0 0 267 89
0 0 268 89
0 0 269 89
0 0 270 89
0 0 271 89
0 0 272 89
0 0 273 89
0 0 274 89
0 0 275 88
0 0 276 88
0 0 277 88
0 0 278 88
0 0 279 83
0 0 279 82
0 0 279 81
0 0 280 80
0 0 282 83
0 0 283 83
0 0 283 82
0 0 284 82
0 0 285 82
0 0 285 83
0 0 286 77
0 0 286 76
0 0 286 75
0 0 286 74
0 0 291 82
0 0 291 81
0 0 292 82
0 0 292 81
0 0 293 81
0 0 293 82
0 0 294 81
0 0 294 80
0 0 296 77
0 0 296 76
0 0 296 75
0 0 295 74
0 0 295 73
0 0 296 72
0 0 295 72
0 0 299 74
0 0 299 73
0 0 299 72
0 0 299 71
0 0 299 70
0 0 300 70
0 0 301 70
0 0 305 72
0 0 305 71
0 0 305 70
0 0 305 69
0 0 201 57
0 0 202 56
0 0 201 58
0 0 202 58
0 0 202 59
0 0 203 59
0 0 204 59
0 0 204 60
0 0 204 61
0 0 204 62
0 0 205 63
0 0 206 64
0 0 206 65
0 0 207 65
0 0 208 66
0 0 221 45
0 0 220 46
0 0 220 47
0 0 220 48
0 0 222 48
0 0 219 76
0 0 220 76
0 0 220 77
0 0 221 77
0 0 222 77
0 0 222 76
0 0 223 78
0 0 223 79
0 0 225 80
0 0 226 80
0 0 226 81
0 0 228 79
0 0 228 82
0 0 228 81
0 0 228 80
0 0 229 79
0 0 230 79
0 0 230 80
0 0 230 81
0 0 230 82
0 0 231 84
0 0 232 90
0 0 233 90
0 0 234 90
0 0 235 90
0 0 236 90
0 0 237 91
0 0 238 91
0 0 239 91
0 0 240 91
0 0 241 91
0 0 242 91
0 0 243 91
0 0 244 91
0 0 245 91
0 0 246 91
0 0 247 91
0 0 248 87
0 0 249 87
0 0 250 87
0 0 250 88
0 0 251 88
0 0 252 88
0 0 253 88
0 0 253 87
0 0 254 87
0 0 255 87
0 0 256 87
0 0 257 87
0 0 258 87
0 0 259 87
0 0 260 86
0 0 260 87
0 0 261 86
0 0 262 86
0 0 263 86
0 0 264 86
0 0 265 86
0 0 266 86
0 0 267 86
0 0 268 86
0 0 268 85
0 0 269 85
0 0 270 85
0 0 271 85
0 0 272 85
0 0 273 85
0 0 274 85
0 0 274 84
0 0 275 84
0 0 276 84
0 0 277 84
0 0 278 84
0 0 279 80
0 0 279 79
0 0 279 78
0 0 279 77
0 0 279 76
0 0 280 76
0 0 281 77
0 0 282 79
0 0 283 79
0 0 284 79
0 0 285 79
0 0 285 76
0 0 286 73
0 0 286 72
0 0 286 71
0 0 286 70
0 0 291 78
0 0 291 77
0 0 292 78
0 0 292 77
0 0 293 77
0 0 293 78
0 0 294 77
0 0 294 76
0 0 295 75
0 0 295 71
0 0 296 71
0 0 295 70
0 0 295 69
0 0 295 68
0 0 295 67
0 0 299 69
0 0 299 68
0 0 299 67
0 0 299 66
0 0 300 66
0 0 301 66
0 0 304 69
0 0 201 55
0 0 202 55
0 0 203 56
0 0 203 57
0 0 204 57
0 0 204 58
0 0 205 58
0 0 205 59
0 0 205 60
0 0 206 60
0 0 206 61
0 0 207 61
0 0 207 62
0 0 208 62
0 0 208 63
0 0 221 43
0 0 221 44
0 0 220 44
0 0 221 46
0 0 221 47
0 0 223 44
0 0 223 45
0 0 224 46
0 0 223 48
0 0 223 49
0 0 223 50
0 0 223 51
0 0 219 72
0 0 220 73
0 0 221 73
0 0 221 74
0 0 222 74
0 0 223 74
0 0 225 76
0 0 225 77
0 0 228 74
0 0 228 73
0 0 228 75
0 0 228 77
0 0 228 76
0 0 229 75
0 0 229 76
0 0 229 77
0 0 229 78
0 0 231 81
0 0 231 82
0 0 231 83
0 0 232 86
0 0 233 86
0 0 234 86
0 0 234 87
0 0 235 87
0 0 235 86
0 0 236 87
0 0 237 87
0 0 238 87
0 0 239 87
0 0 240 87
0 0 241 87
0 0 242 87
0 0 243 87
0 0 244 87
0 0 245 87
0 0 246 87
0 0 247 87
0 0 248 84
0 0 249 84
0 0 250 84
0 0 251 84
0 0 252 84
0 0 253 84
0 0 254 84
0 0 254 83
0 0 255 83
0 0 256 83
0 0 257 83
0 0 258 83
0 0 259 83
0 0 260 83
0 0 261 83
0 0 261 82
0 0 262 82
0 0 263 82
0 0 264 82
0 0 265 82
0 0 266 82
0 0 267 82
0 0 268 82
0 0 269 82
0 0 269 81
0 0 270 81
0 0 271 81
0 0 272 81
0 0 273 81
0 0 274 81
0 0 275 81
0 0 275 80
0 0 276 80
0 0 277 80
0 0 278 80
0 0 280 77
0 0 280 75
0 0 280 74
0 0 280 73
0 0 280 72
0 0 281 72
0 0 282 75
0 0 283 75
0 0 283 76
0 0 284 76
0 0 284 75
0 0 285 75
0 0 287 75
0 0 286 69
0 0 286 68
0 0 286 67
0 0 286 66
0 0 291 74
0 0 291 73
0 0 292 73
0 0 293 73
0 0 293 72
0 0 294 72
0 0 296 70
0 0 296 69
0 0 296 68
0 0 296 67
0 0 296 66
0 0 296 65
0 0 296 64
0 0 296 63
0 0 299 65
0 0 299 64
0 0 299 63
0 0 299 62
0 0 203 53
0 0 203 54
0 0 204 54
0 0 204 55
0 0 205 55
0 0 205 56
0 0 206 56
0 0 206 57
0 0 207 58
0 0 207 59
0 0 208 59
0 0 209 59
0 0 208 60
0 0 220 42
0 0 220 43
0 0 220 45
0 0 222 43
0 0 223 43
0 0 222 61
0 0 223 61
0 0 219 69
0 0 220 69
0 0 220 70
0 0 221 70
0 0 222 70
0 0 222 71
0 0 225 73
0 0 225 74
0 0 228 71
0 0 228 72
0 0 229 73
0 0 229 74
0 0 230 77
0 0 230 78
0 0 232 82
0 0 233 82
0 0 234 83
0 0 235 83
0 0 236 83
0 0 237 83
0 0 238 83
0 0 239 83
0 0 240 83
0 0 240 84
0 0 241 84
0 0 242 84
0 0 243 84
0 0 244 84
0 0 244 83
0 0 245 84
0 0 245 83
0 0 246 84
0 0 246 83
0 0 247 84
0 0 248 79
0 0 248 80
0 0 249 79
0 0 249 80
0 0 250 79
0 0 250 80
0 0 251 80
0 0 252 80
0 0 253 79
0 0 253 80
0 0 254 79
0 0 255 79
0 0 256 79
0 0 257 79
0 0 258 79
0 0 259 79
0 0 260 79
0 0 260 78
0 0 261 79
0 0 261 78
0 0 262 78
0 0 263 78
0 0 264 78
0 0 265 78
0 0 266 78
0 0 267 78
0 0 268 78
0 0 268 77
0 0 269 77
0 0 270 77
0 0 271 77
0 0 272 77
0 0 273 77
0 0 273 76
0 0 274 76
0 0 275 76
0 0 276 76
0 0 277 76
0 0 278 76
0 0 278 75
0 0 279 75
0 0 279 74
0 0 279 73
0 0 279 72
0 0 280 71
0 0 280 70
0 0 280 69
0 0 280 68
0 0 282 70
0 0 283 71
0 0 283 70
0 0 284 70
0 0 285 70
0 0 286 65
0 0 286 64
0 0 286 63
0 0 286 62
0 0 291 69
0 0 292 69
0 0 292 68
0 0 293 68
0 0 293 67
0 0 294 67
0 0 295 66
0 0 295 65
0 0 295 64
0 0 296 62
0 0 296 61
0 0 296 60
0 0 295 60
0 0 296 59
0 0 295 59
0 0 205 51
0 0 205 52
0 0 206 52
0 0 206 53
0 0 207 53
0 0 207 54
0 0 208 54
0 0 208 55
0 0 209 55
0 0 209 56
0 0 220 40
0 0 221 40
0 0 220 41
0 0 223 41
0 0 223 42
0 0 218 64
0 0 218 65
0 0 219 65
0 0 220 65
0 0 220 66
0 0 221 66
0 0 221 67
0 0 222 67
0 0 227 57
0 0 224 68
0 0 224 69
0 0 225 69
0 0 225 70
0 0 227 69
0 0 228 67
0 0 228 68
0 0 228 69
0 0 228 70
0 0 229 70
0 0 229 71
0 0 229 72
0 0 230 73
0 0 230 74
0 0 230 75
0 0 230 76
0 0 231 78
0 0 232 78
0 0 233 78
0 0 234 78
0 0 234 79
0 0 235 79
0 0 235 80
0 0 236 79
0 0 237 79
0 0 238 79
0 0 239 79
0 0 240 79
0 0 241 79
0 0 242 80
0 0 242 79
0 0 243 80
0 0 243 79
0 0 244 80
0 0 244 79
0 0 245 79
0 0 246 79
0 0 246 80
0 0 247 79
0 0 248 77
0 0 249 77
0 0 250 77
0 0 251 77
0 0 252 77
0 0 253 77
0 0 254 77
0 0 255 77
0 0 256 77
0 0 257 77
0 0 257 76
0 0 258 76
0 0 259 76
0 0 260 76
0 0 261 76
0 0 262 76
0 0 263 76
0 0 264 76
0 0 265 76
0 0 266 75
0 0 267 75
0 0 268 75
0 0 269 75
0 0 270 75
0 0 271 75
0 0 271 74
0 0 272 74
0 0 273 74
0 0 274 74
0 0 275 74
0 0 275 73
0 0 276 74
0 0 276 73
0 0 277 73
0 0 278 73
0 0 278 72
0 0 279 71
0 0 280 67
0 0 280 66
0 0 281 65
0 0 282 69
0 0 283 69
0 0 283 68
0 0 284 68
0 0 284 67
0 0 285 67
0 0 286 61
0 0 286 60
0 0 286 59
0 0 291 66
0 0 291 65
0 0 292 66
0 0 292 65
0 0 293 65
0 0 293 66
0 0 294 65
0 0 294 64
0 0 295 63
0 0 296 58
0 0 206 50
0 0 206 51
0 0 207 51
0 0 207 52
0 0 208 52
0 0 208 53
0 0 209 53
0 0 209 54
0 0 210 54
0 0 210 55
0 0 221 42
0 0 223 40
0 0 218 62
0 0 218 63
0 0 219 63
0 0 220 63
0 0 220 64
0 0 221 63
0 0 221 65
0 0 227 56
0 0 224 67
0 0 227 65
0 0 227 66
0 0 228 65
0 0 228 66
0 0 229 69
0 0 230 72
0 0 231 76
0 0 232 76
0 0 233 76
0 0 234 76
0 0 235 76
0 0 236 76
0 0 236 77
0 0 237 77
0 0 238 77
0 0 239 77
0 0 240 77
0 0 241 77
0 0 242 77
0 0 243 77
0 0 244 77
0 0 245 77