000001
000002
000004
000005
000006
000007
000008
000009
000010
000011
000012
000013
000014
000016
000017
000018
000019
000020
000021
000022
000023
000024
000025
000026
000028
000029
000030
000031
000032
000033
000034
000035
000036
000037
000038
000039
000040
000041
000042
000043
000044
000045
000046
000047
000048
000049
000050
000051
000052
000053
000054
000055
000056
000057
000058
000059
000061
000062
000063
000064
000065
000066
000067
000068
000069
000071
000072
000074
000075
000076
000077
000078
000079
000080
000081
000082
000083
000084
000086
000087
000088
000090
000091
000092
000093
000094
000095
000096
000097
000098
000099
000100
000101
000102
000103
000104
000105
000106
000107
000108
000109
000110
000111
000112
000113
000114
000115
000116
000117
000119
000120
000121
000122
000123
000124
000127
000128
000129
000130
000131
000133
000135
000136
000137
000138
000140
000141
000142
000143
000145
000146
000147
000148
000149
000150
000151
000152
000153
000154
000155
000156
000157
000158
000159
000160
000161
000162
000164
000165
000166
000167
000169
000170
000171
000172
000173
000174
000175
000177
000178
000179
000180
000182
000183
000184
000185
000186
000187
000188
000189
000190
000191
000192
000193
000194
000195
000196
000197
000198
000199
000200
000201
000202
000203
000204
000205
000206
000207
000208
000209
000210
000211
000212
000214
000215
000216
000218
000219
000220
000221
000222
000223
000224
000225
000226
000227
000228
000229
000230
000231
000232
000233
000234
000235
000236
000237
000238
000239
000240
000241
000243
000244
000245
000246
000247
000248
000249
000250
000251
000253
000254
000255
000256
000257
000258
000259
000260
000262
000263
000264
000265
000266
000267
000268
000269
000272
000273
000276
000278
000279
000280
000282
000283
000284
000285
000286
000287
000288
000289
000290
000291
000292
000293
000294
000295
000296
000297
000298
000299
000300
000301
000302
000303
000304
000305
000306
000307
000308
000309
000310
000311
000312
000313
000314
000316
000317
000318
000319
000320
000321
000322
000324
000325
000326
000328
000329
000331
000332
000333
000334
000335
000336
000337
000338
000339
000340
000341
000342
000344
000345
000346
000347
000348
000349
000350
000351
000352
000353
000354
000357
000359
000360
000361
000362
000363
000365
000366
000367
000368
000369
000370
000371
000372
000373
000374
000375
000376
000377
000378
000379
000381
000382
000383
000384
000385
000387
000388
000389
000390
000392
000394
000395
000396
000397
000398
000399
000400
000401
000402
000403
000404
000406
000407
000408
000409
000411
000412
000414
000415
000416
000417
000418
000419
000420
000421
000422
000423
000424
000425
000426
000427
000428
000429
000430
000431
000432
000433
000434
000436
000437
000438
000439
000440
000441
000442
000443
000444
000445
000446
000447
000448
000449
000450
000451
000452
000453
000454
000455
000456
000457
000458
000459
000460
000461
000462
000463
000464
000465
000466
000467
000468
000469
000470
000473
000474
000475
000476
000477
000478
000479
000480
000481
000482
000483
000484
000485
000487
000488
000489
000490
000491
000492
000494
000495
000496
000497
000498
000499
000500
000501
000502
000503
000504
000505
000507
000508
000510
000511
000512
000513
000514
000515
000516
000517
000518
000519
000520
000521
000522
000523
000524
000526
000527
000528
000529
000530
000531
000532
000533
000534
000535
000536
000538
000539
000540
000542
000543
000545
000546
000548
000549
000550
000551
000552
000553
000554
000555
000556
000557
000558
000559
000560
000561
000562
000563
000564
000565
000566
000567
000569
000570
000571
000572
000573
000574
000575
000576
000577
000578
000579
000580
000581
000582
000583
000584
000585
000586
000587
000588
000589
000590
000591
000592
000593
000594
000595
000596
000597
000598
000599
000600
000601
000602
000604
000605
000606
000607
000608
000609
000610
000611
000612
000614
000615
000616
000617
000618
000619
000620
000621
000622
000623
000624
000625
000626
000627
000628
000629
000630
000632
000633
000634
000636
000637
000638
000639
000640
000641
000642
000643
000644
000646
000647
000648
000649
000650
000652
000653
000654
000656
000659
000660
000661
000663
000664
000667
000668
000669
000670
000671
000672
000673
000674
000675
000676
000677
000678
000680
000681
000683
000684
000685
000686
000687
000688
000689
000690
000691
000692
000693
000694
000695
000696
000697
000698
000699
000700
000701
000702
000703
000705
000706
000707
000708
000709
000710
000711
000712
000713
000714
000715
000717
000718
000719
000721
000722
000723
000724
000726
000727
000728
000729
000730
000731
000732
000733
000734
000735
000736
000738
000739
000740
000741
000742
000743
000744
000745
000746
000747
000748
000749
000750
000751
000752
000753
000754
000755
000756
000757
000758
000759
000760
000761
000762
000763
000764
000767
000768
000770
000771
000772
000773
000774
000775
000777
000778
000779
000781
000782
000783
000784
000785
000786
000787
000788
000789
000790
000791
000792
000793
000794
000795
000796
000797
000798
000800
000801
000802
000803
000804
000805
000806
000807
000808
000809
000810
000811
000812
000813
000814
000816
000817
000818
000819
000820
000821
000822
000823
000824
000825
000827
000828
000829
000830
000831
000832
000833
000834
000835
000836
000837
000838
000839
000840
000841
000842
000843
000844
000845
000846
000847
000848
000849
000850
000851
000852
000853
000855
000856
000857
000858
000859
000860
000861
000862
000863
000864
000865
000866
000868
000869
000870
000871
000872
000873
000874
000875
000876
000877
000878
000879
000880
000881
000882
000883
000884
000885
000886
000887
000888
000889
000890
000891
000892
000893
000894
000895
000896
000897
000899
000900
000901
000902
000903
000904
000905
000906
000907
000908
000909
000910
000912
000913
000914
000915
000916
000917
000918
000919
000920
000921
000923
000924
000925
000926
000927
000928
000929
000930
000932
000933
000935
000936
000937
000939
000941
000943
000944
000945
000946
000947
000948
000949
000951
000952
000953
000954
000955
000956
000957
000958
000959
000960
000961
000962
000963
000964
000966
000968
000969
000970
000971
000972
000973
000974
000975
000976
000977
000978
000979
000980
000981
000982
000983
000985
000986
000987
000988
000989
000991
000992
000993
000994
000995
000996
000997
000998
001000
001001
001002
001003
001004
001005
001006
001007
001008
001009
001010
001011
001012
001013
001014
001015
001016
001017
001018
001019
001020
001021
001022
001023
001024
001025
001026
001027
001028
001029
001030
001031
001032
001033
001034
001035
001036
001037
001038
001039
001041
001042
001043
001044
001045
001046
001047
001048
001049
001050
001051
001052
001053
001054
001055
001056
001058
001059
001060
001061
001062
001063
001064
001065
001066
001067
001068
001069
001070
001071
001072
001073
001074
001075
001076
001077
001079
001080
001081
001083
001084
001085
001086
001087
001088
001089
001090
001091
001092
001093
001094
001095
001096
001097
001098
001099
001100
001101
001102
001103
001104
001105
001106
001107
001108
001109
001110
001111
001112
001114
001116
001117
001118
001119
001121
001122
001123
001124
001125
001126
001127
001128
001129
001130
001131
001132
001134
001136
001137
001138
001139
001140
001141
001142
001144
001145
001146
001147
001148
001149
001150
001152
001153
001154
001155
001156
001157
001158
001159
001160
001161
001162
001163
001164
001165
001166
001167
001168
001169
001170
001171
001172
001173
001174
001175
001176
001177
001178
001179
001180
001181
001182
001183
001184
001185
001186
001187
001188
001189
001190
001191
001192
001193
001194
001196
001197
001198
001199
001201
001202
001203
001204
001205
001206
001207
001208
001209
001210
001211
001213
001215
001216
001217
001219
001221
001222
001223
001224
001225
001226
001227
001228
001230
001231
001232
001233
001235
001236
001237
001238
001239
001240
001241
001242
001243
001244
001245
001246
001247
001248
001249
001250
001251
001252
001253
001254
001256
001257
001259
001260
001261
001262
001263
001264
001265
001266
001267
001268
001269
001270
001272
001273
001274
001275
001276
001277
001278
001279
001280
001281
001282
001283
001284
001285
001286
001288
001289
001290
001291
001292
001293
001294
001295
001296
001297
001298
001299
001300
001301
001302
001304
001305
001306
001307
001308
001309
001310
001312
001313
001314
001315
001316
001317
001319
001320
001321
001322
001323
001324
001325
001326
001327
001328
001329
001330
001332
001333
001334
001335
001337
001338
001339
001340
001341
001342
001343
001345
001347
001348
001349
001350
001351
001352
001353
001354
001355
001356
001357
001360
001361
001363
001364
001366
001367
001368
001370
001371
001372
001373
001374
001375
001376
001377
001378
001379
001380
001382
001383
001385
001386
001387
001388
001389
001390
001391
001392
001393
001394
001395
001397
001398
001399
001400
001401
001402
001403
001404
001405
001406
001407
001408
001409
001410
001411
001412
001414
001415
001416
001417
001418
001419
001420
001421
001422
001423
001424
001425
001426
001427
001428
001429
001430
001431
001432
001433
001434
001435
001436
001437
001438
001439
001440
001441
001442
001443
001444
001445
001446
001447
001448
001449
001450
001451
001452
001453
001454
001455
001457
001458
001459
001460
001461
001462
001463
001464
001465
001467
001468
001469
001470
001471
001472
001473
001474
001475
001476
001477
001478
001479
001480
001481
001482
001483
001484
001485
001486
001487
001488
001489
001490
001491
001492
001493
001494
001495
001496
001497
001499
001500
001501
001502
001503
001504
001505
001506
001507
001508
001510
001511
001513
001514
001515
001516
001517
001518
001519
001520
001521
001523
001524
001525
001526
001527
001529
001530
001531
001532
001533
001534
001535
001536
001537
001538
001539
001540
001541
001542
001543
001544
001545
001546
001547
001548
001549
001550
001551
001552
001553
001554
001555
001556
001557
001558
001559
001560
001562
001563
001564
001565
001566
001567
001568
001570
001571
001572
001573
001574
001575
001576
001577
001578
001579
001580
001582
001583
001585
001586
001587
001588
001589
001590
001592
001594
001595
001597
001598
001599
001600
001601
001602
001603
001604
001605
001606
001607
001608
001609
001610
001611
001612
001613
001614
001615
001616
001618
001619
001620
001621
001622
001624
001626
001627
001628
001629
001630
001631
001632
001633
001635
001636
001637
001638
001639
001641
001642
001643
001644
001645
001646
001648
001649
001650
001651
001652
001653
001654
001655
001656
001657
001658
001659
001660
001661
001662
001664
001665
001666
001667
001668
001669
001671
001672
001673
001674
001675
001676
001677
001678
001679
001680
001682
001683
001684
001685
001686
001687
001688
001689
001690
001691
001692
001693
001694
001695
001696
001697
001698
001699
001700
001701
001702
001703
001705
001706
001707
001708
001709
001710
001711
001712
001714
001715
001716
001717
001718
001719
001720
001721
001722
001723
001724
001725
001726
001727
001728
001729
001730
001731
001732
001733
001734
001735
001736
001737
001739
001740
001741
001742
001743
001744
001745
001746
001747
001748
001749
001750
001751
001753
001754
001755
001756
001757
001758
001759
001760
001761
001762
001763
001764
001765
001766
001767
001768
001770
001771
001772
001773
001774
001776
001777
001779
001781
001782
001783
001784
001785
001786
001787
001788
001789
001790
001791
001792
001793
001794
001795
001796
001797
001798
001800
001801
001802
001804
001806
001807
001808
001809
001810
001811
001812
001813
001814
001815
001816
001817
001818
001819
001820
001821
001822
001823
001824
001825
001826
001827
001829
001830
001831
001832
001833
001834
001835
001836
001837
001838
001839
001840
001841
001842
001843
001844
001845
001846
001847
001848
001850
001851
001852
001853
001854
001855
001856
001857
001858
001859
001860
001861
001862
001863
001865
001866
001867
001868
001869
001870
001871
001872
001873
001874
001875
001876
001878
001879
001880
001881
001882
001883
001884
001885
001886
001887
001888
001889
001890
001891
001892
001893
001895
001896
001897
001898
001899
001901
001902
001903
001904
001905
001906
001908
001909
001910
001911
001912
001913
001914
001915
001917
001918
001920
001921
001922
001924
001925
001926
001927
001928
001929
001930
001931
001932
001934
001935
001937
001938
001939
001940
001941
001943
001944
001945
001946
001947
001948
001949
001950
001951
001952
001953
001954
001955
001956
001957
001958
001959
001960
001961
001962
001963
001964
001965
001966
001967
001968
001969
001970
001971
001972
001973
001974
001975
001976
001977
001978
001979
001981
001982
001983
001984
001985
001986
001987
001988
001990
001991
001992
001993
001994
001995
001996
001998
001999
002000
002001
002003
002004
002005
002006
002007
002008
002009
002012
002013
002014
002015
002016
002017
002018
002019
002020
002022
002023
002024
002025
002026
002027
002028
002029
002030
002032
002033
002034
002035
002036
002037
002038
002039
002040
002041
002042
002043
002044
002045
002046
002047
002048
002049
002050
002051
002052
002053
002054
002056
002058
002059
002060
002061
002062
002063
002064
002065
002066
002067
002068
002069
002070
002071
002072
002073
002074
002075
002076
002077
002079
002080
002081
002082
002083
002084
002085
002086
002087
002088
002089
002090
002091
002092
002093
002094
002095
002096
002098
002099
002101
002102
002104
002105
002106
002107
002108
002109
002110
002111
002113
002114
002115
002116
002117
002118
002119
002120
002121
002122
002123
002124
002125
002126
002127
002128
002129
002130
002131
002132
002133
002134
002135
002136
002137
002138
002139
002140
002141
002142
002143
002145
002146
002147
002148
002149
002151
002152
002153
002154
002155
002156
002157
002158
002159
002160
002161
002162
002164
002165
002166
002167
002168
002169
002170
002171
002172
002173
002174
002175
002176
002177
002178
002179
002180
002182
002183
002184
002185
002186
002187
002188
002189
002190
002191
002192
002193
002194
002195
002198
002199
002200
002201
002202
002203
002204
002205
002206
002207
002208
002209
002210
002211
002212
002214
002215
002216
002217
002219
002220
002221
002222
002223
002225
002226
002227
002228
002229
002230
002231
002232
002233
002234
002235
002236
002237
002238
002239
002240
002241
002242
002243
002245
002246
002250
002252
002253
002255
002256
002257
002259
002260
002261
002262
002263
002264
002265
002266
002268
002269
002270
002271
002272
002273
002275
002276
002277
002278
002279
002280
002281
002282
002283
002284
002285
002286
002287
002288
002289
002290
002292
002293
002294
002296
002297
002298
002299
002300
002301
002303
002304
002305
002306
002307
002308
002309
002310
002311
002312
002313
002314
002316
002317
002318
002319
002320
002321
002322
002323
002324
002325
002326
002327
002328
002329
002330
002331
002332
002333
002334
002335
002336
002337
002338
002339
002341
002342
002343
002344
002345
002346
002347
002348
002349
002350
002351
002352
002354
002355
002356
002357
002359
002361
002362
002363
002364
002365
002366
002367
002368
002369
002370
002371
002372
002375
002376
002378
002379
002380
002381
002382
002383
002384
002385
002386
002387
002388
002389
002390
002392
002393
002396
002398
002399
002402
002403
002404
002405
002406
002407
002408
002409
002410
002411
002413
002414
002415
002416
002417
002418
002419
002420
002422
002423
002424
002425
002426
002427
002428
002429
002431
002432
002433
002434
002436
002437
002438
002439
002440
002441
002442
002443
002444
002445
002446
002447
002448
002450
002451
002452
002453
002454
002455
002456
002457
002458
002459
002460
002461
002463
002464
002465
002466
002467
002468
002469
002470
002471
002472
002473
002474
002476
002477
002479
002480
002481
002482
002483
002484
002485
002486
002487
002488
002489
002490
002492
002494
002495
002496
002497
002498
002499
002500
002501
002502
002503
002504
002505
002506
002507
002508
002509
002510
002511
002512
002513
002514
002515
002516
002517
002518
002519
002520
002521
002522
002523
002524
002525
002526
002527
002528
002529
002531
002532
002533
002534
002535
002536
002537
002538
002539
002540
002541
002542
002543
002544
002545
002546
002547
002549
002550
002552
002553
002554
002555
002556
002557
002558
002559
002561
002562
002563
002564
002566
002567
002568
002570
002571
002572
002573
002574
002575
002576
002577
002578
002579
002580
002581
002583
002584
002585
002587
002588
002590
002592
002593
002596
002597
002601
002602
002604
002605
002606
002607
002608
002609
002610
002611
002612
002613
002614
002615
002616
002617
002618
002619
002621
002622
002623
002624
002625
002626
002627
002628
002629
002630
002631
002632
002633
002634
002635
002636
002637
002638
002639
002640
002642
002643
002644
002645
002646
002647
002648
002649
002650
002651
002653
002654
002656
002658
002659
002660
002661
002662
002663
002664
002665
002666
002667
002668
002669
002670
002671
002672
002673
002674
002675
002676
002677
002678
002679
002680
002681
002683
002685
002686
002687
002688
002689
002690
002691
002692
002693
002695
002696
002697
002699
002701
002702
002703
002704
002706
002707
002708
002709
002710
002711
002712
002713
002715
002717
002718
002719
002720
002721
002722
002723
002724
002725
002726
002728
002729
002730
002732
002733
002734
002735
002736
002737
002738
002739
002740
002741
002742
002743
002744
002745
002746
002747
002748
002749
002750
002751
002752
002753
002754
002755
002756
002759
002760
002761
002762
002763
002764
002765
002766
002767
002768
002769
002771
002772
002773
002775
002776
002777
002778
002779
002780
002781
002782
002783
002784
002785
002786
002787
002788
002790
002791
002792
002794
002795
002796
002797
002798
002799
002800
002801
002802
002803
002804
002805
002806
002808
002809
002810
002811
002812
002813
002814
002815
002816
002817
002818
002819
002820
002821
002822
002823
002824
002825
002826
002827
002828
002829
002831
002832
002833
002834
002835
002836
002837
002838
002839
002840
002841
002843
002844
002845
002846
002847
002848
002849
002850
002851
002852
002853
002854
002855
002856
002857
002858
002859
002861
002862
002863
002864
002865
002866
002867
002869
002871
002872
002873
002875
002877
002878
002879
002880
002881
002882
002883
002885
002886
002887
002888
002890
002891
002892
002893
002894
002895
002897
002898
002899
002900
002902
002903
002904
002905
002906
002907
002909
002910
002911
002912
002913
002914
002915
002916
002917
002918
002920
002921
002922
002923
002924
002925
002926
002927
002928
002930
002931
002932
002933
002934
002935
002936
002937
002938
002939
002940
002941
002942
002943
002944
002945
002946
002947
002948
002949
002950
002951
002952
002953
002954
002955
002956
002958
002959
002960
002961
002962
002963
002964
002965
002966
002967
002968
002969
002970
002971
002972
002973
002974
002975
002976
002977
002978
002979
002980
002981
002982
002983
002984
002985
002986
002987
002988
002989
002990
002991
002992
002993
002994
002995
002996
002997
002998
002999
003000
003001
003003
003004
003006
003007
003008
003010
003011
003012
003013
003014
003015
003016
003018
003021
003022
003023
003024
003025
003026
003027
003028
003029
003030
003031
003032
003033
003034
003036
003037
003038
003039
003040
003041
003042
003043
003044
003045
003046
003047
003048
003049
003050
003051
003053
003055
003056
003057
003058
003060
003061
003063
003064
003065
003066
003067
003068
003069
003070
003071
003072
003073
003074
003075
003076
003077
003079
003080
003081
003082
003083
003084
003085
003086
003087
003089
003090
003091
003092
003093
003094
003095
003096
003098
003099
003100
003101
003102
003103
003104
003105
003106
003107
003108
003109
003110
003111
003112
003113
003114
003115
003116
003117
003118
003119
003120
003121
003122
003123
003125
003126
003127
003128
003129
003130
003131
003132
003133
003134
003135
003136
003137
003138
003139
003140
003141
003142
003143
003144
003145
003147
003148
003149
003150
003151
003152
003153
003154
003155
003156
003157
003158
003159
003160
003161
003162
003163
003164
003165
003166
003167
003168
003169
003170
003171
003172
003173
003174
003175
003176
003177
003178
003179
003180
003181
003182
003183
003184
003185
003186
003187
003188
003189
003190
003191
003192
003193
003194
003195
003196
003198
003199
003200
003201
003203
003204
003205
003206
003207
003208
003209
003210
003211
003212
003213
003214
003215
003216
003217
003218
003219
003220
003221
003222
003223
003224
003225
003227
003228
003229
003230
003231
003232
003233
003234
003235
003236
003237
003238
003240
003241
003242
003243
003244
003245
003246
003247
003248
003249
003250
003251
003252
003253
003254
003255
003256
003257
003258
003259
003260
003262
003264
003265
003266
003267
003268
003269
003270
003271
003272
003273
003274
003276
003277
003278
003279
003280
003281
003282
003283
003284
003286
003287
003288
003289
003290
003291
003292
003293
003295
003296
003297
003298
003299
003300
003301
003302
003303
003304
003306
003308
003309
003310
003311
003312
003313
003314
003316
003317
003318
003319
003320
003321
003322
003323
003325
003326
003327
003329
003330
003332
003333
003334
003335
003336
003337
003338
003339
003340
003341
003342
003344
003345
003346
003347
003348
003349
003350
003351
003352
003353
003354
003355
003356
003357
003358
003359
003360
003361
003362
003363
003364
003365
003366
003367
003368
003369
003370
003371
003373
003374
003375
003376
003377
003378
003379
003380
003382
003383
003384
003385
003386
003387
003388
003389
003390
003391
003392
003393
003394
003395
003397
003398
003399
003401
003403
003405
003406
003407
003408
003409
003410
003411
003412
003413
003414
003415
003416
003418
003419
003421
003422
003423
003425
003426
003427
003428
003429
003430
003431
003432
003433
003434
003435
003436
003437
003438
003439
003440
003441
003442
003444
003445
003446
003448
003449
003450
003451
003452
003453
003454
003456
003457
003458
003459
003461
003463
003464
003465
003466
003467
003468
003469
003470
003471
003472
003473
003474
003475
003476
003477
003478
003479
003480
003481
003483
003484
003485
003486
003487
003489
003490
003491
003492
003493
003494
003496
003497
003498
003499
003500
003501
003502
003503
003504
003505
003507
003508
003509
003510
003511
003512
003513
003514
003515
003516
003517
003518
003519
003520
003521
003522
003523
003524
003525
003526
003527
003528
003529
003530
003531
003532
003533
003534
003535
003536
003537
003538
003539
003541
003542
003543
003544
003545
003546
003547
003548
003549
003550
003551
003552
003553
003554
003555
003556
003557
003558
003559
003560
003561
003562
003563
003564
003565
003566
003567
003568
003569
003570
003571
003572
003573
003574
003575
003576
003577
003578
003579
003580
003581
003582
003584
003585
003586
003587
003588
003589
003590
003591
003592
003593
003595
003596
003597
003598
003600
003601
003602
003603
003604
003605
003607
003608
003609
003610
003611
003612
003613
003614
003615
003616
003617
003619
003620
003621
003622
003623
003624
003625
003626
003627
003629
003631
003632
003633
003634
003635
003636
003637
003638
003639
003640
003641
003642
003643
003645
003646
003647
003648
003649
003650
003651
003652
003653
003654
003655
003656
003657
003658
003659
003660
003661
003662
003663
003664
003665
003666
003667
003668
003669
003670
003671
003672
003674
003675
003676
003677
003679
003680
003681
003682
003683
003684
003685
003687
003688
003689
003690
003691
003692
003693
003694
003695
003697
003698
003702
003703
003704
003705
003706
003707
003708
003709
003710
003711
003712
003713
003715
003716
003717
003718
003719
003720
003721
003722
003723
003724
003726
003727
003728
003729
003730
003731
003734
003735
003736
003737
003738
003739
003740
003741
003742
003743
003744
003745
003746
003747
003748
003750
003752
003753
003754
003756
003757
003758
003759
003760
003761
003762
003763
003764
003765
003766
003767
003769
003770
003771
003772
003774
003775
003776
003777
003778
003779
003780
003781
003783
003784
003785
003787
003788
003789
003790
003791
003792
003793
003794
003795
003796
003797
003798
003799
003800
003801
003802
003803
003804
003805
003806
003807
003808
003809
003810
003811
003812
003813
003814
003815
003816
003817
003818
003819
003820
003821
003823
003825
003826
003827
100412
100413
100414
100415
100416
100417
100418
100419
100420
100421
100422
100424
100425
100426
100427
100428
100429
100430
100431
100432
100433
100434
100438
100439
100440
100442
100443
100444
100446
100447
100448
100449
100450
100451
100452
100453
100454
100455
100456
100457
100458
100459
100460
100461
100462
100463
100464
100465
100466
100467
100468
100469
100470
100471
100472
100473
100474
100476
100477
100478
100479
100480
100482
100483
100484
100486
100487
100488
100489
100490
100491
100492
100493
100494
100495
100496
100497
100498
100499
100500
100501
100502
100503
100504
100505
100506
100507
100508
100509
100510
100511
100512
100513
100514
100515
100516
100517
100518
100519
100520
100521
100522
100523
100524
100525
100526
100527
100528
100529
100530
100531
100532
100533
100534
100535
100536
100537
100538
100539
100540
100541
100544
100545
100546
100547
100549
100550
100551
100553
100554
100555
100556
100557
100558
100560
100561
100562
100563
100564
100565
100566
100567
100568
100569
100570
100571
100572
100573
100574
100575
100576
100577
100578
100579
100580
100581
100582
100583
100585
100586
100587
100589
100590
100591
100592
100593
100595
100596
100597
100598
100599
100600
100601
100602
100603
100605
100606
100607
100608
100609
100610
100611
100612
100613
100614
100615
100616
100617
100618
100619
100620
100621
100622
100623
100624
100625
100626
100627
100628
100629
100630
100631
100632
100633
100634
100635
100636
100637
100638
100640
100641
100642
100643
100644
100645
100646
100647
100649
100651
100652
100653
100654
100655
100656
100658
100659
100660
100661
100662
100663
100664
100665
100666
100667
100668
100669
100670
100671
100672
100673
100674
100675
100676
100677
100678
100679
100680
100681
100683
100684
100685
100686
100687
100688
100689
100690
100691
100692
100693
100694
100695
100696
100697
100698
100699
100700
100701
100702
100703
100705
100706
100707
100708
100710
100711
100713
100714
100715
100716
100717
100718
100719
100720
100721
100722
100723
100724
100725
100726
100727
100728
100729
100730
100731
100732
100733
100734
100735
100736
100737
100738
100739
100740
100741
100742
100743
100744
100745
100746
100747
100748
100750
100751
100752
100753
100754
100756
100757
100758
100759
100760
100761
100762
100763
100764
100766
100767
100768
100769
100770
100771
100772
100773
100774
100775
100776
100777
100778
100779
100780
100781
100782
100783
100784
100786
100787
100788
100789
100790
100792
100794
100795
100796
100798
100799
100800
100801
100802
100803
100804
100805
100806
100807
100808
100809
100810
100811
100812
100814
100815
100816
100817
100818
100819
100820
100821
100823
100824
100825
100826
100827
100828
100829
100830
100831
100832
100833
100834
100835
100836
100837
100838
100839
100840
100841
100842
100843
100847
100849
100850
100851
100854
100855
100856
100857
100858
100859
100861
100862
100863
100864
100865
100866
100868
100871
100872
100873
100875
100876
100877
100878
100879
100880
100881
100882
100883
100884
100885
100887
100888
100890
100891
100892
100893
100894
100895
100896
100897
100898
100899
100900
100901
100903
100904
100905
100906
100907
100908
100909
100910
100911
100913
100915
100916
100917
100919
100920
100921
100922
100923
100924
100925
100926
100927
100928
100929
100930
100931
100932
100933
100934
100935
100936
100938
100939
100940
100941
100942
100943
100944
100945
100946
100947
100948
100949
100950
100951
100952
100953
100954
100955
100956
100957
100958
100959
100961
100962
100964
100965
100966
100968
100970
100971
100972
100973
100974
100975
100976
100978
100979
100980
100981
100982
100983
100984
100985
100986
100987
100988
100989
100990
100991
100992
100993
100994
100995
100996
100997
100998
101001
101002
101003
101004
101005
101006
101007
101008
101009
101010
101011
101012
101014
101015
101016
101017
101018
101019
101020
101021
101022
101023
101024
101025
101026
101027
101028
101029
101030
101031
101032
101033
101034
101035
101036
101037
101038
101039
101040
101041
101043
101045
101047
101048
101049
101050
101051
101052
101053
101056
101057
101058
101059
101060
101061
101062
101063
101064
101066
101067
101069
101070
101071
101072
101073
101075
101077
101079
101080
101081
101082
101083
101084
101085
101086
101087
101088
101090
101091
101092
101093
101094
101095
101096
101097
101098
101099
101100
101101
101102
101103
101104
101105
101106
101107
101108
101113
101114
101115
101116
101117
101118
101119
101120
101121
101122
101123
101124
101125
101126
101127
101128
101129
101130
101131
101132
101133
101134
101135
101136
101137
101138
101139
101140
101141
101142
101143
101145
101146
101147
101148
101149
101150
101151
101153
101155
101156
101158
101159
101160
101161
101162
101163
101164
101165
101166
101168
101169
101170
101171
101172
101173
101174
101175
101176
101177
101178
101179
101180
101181
101182
101183
101184
101185
101186
101187
101188
101189
101190
101191
101192
101193
101194
101196
101197
101198
101199
101200
101201
101202
101203
101204
101205
101206
101207
101208
101209
101210
101211
101212
101213
101214
101215
101216
101218
101219
101220
101221
101222
101224
101225
101226
101227
101228
101229
101230
101231
101232
101233
101235
101236
101237
101238
101239
101241
101242
101243
101244
101245
101246
101247
101248
101249
101250
101251
101252
101253
101254
101256
101257
101258
101259
101260
101261
101262
101263
101264
101265
101267
101268
101269
101270
101271
101273
101276
101277
101279
101280
101282
101283
101284
101285
101286
101287
101288
101289
101290
101291
101292
101293
101294
101295
101296
101297
101298
101300
101301
101302
101303
101305
101306
101307
101308
101309
101310
101311
101312
101313
101314
101315
101316
101317
101318
101319
101320
101321
101322
101323
101324
101325
101329
101330
101331
101332
101333
101335
101336
101337
101338
101339
101340
101341
101342
101343
101344
101345
101346
101347
101348
101349
101350
101351
101353
101354
101356
101358
101360
101361
101362
101363
101364
101365
101368
101370
101371
101373
101374
101375
101376
101377
101378
101379
101380
101381
101382
101383
101384
101385
101386
101387
101388
101389
101390
101391
101392
101393
101394
101395
101396
101397
101398
101399
101400
101401
101402
101403
101404
101405
101406
101407
101408
101410
101411
101412
101413
101414
101415
101416
101417
101418
101419
101421
101422
101423
101424
101426
101427
101428
101429
101430
101431
101432
101433
101434
101435
101436
101437
101438
101439
101440
101441
101442
101444
101445
101447
101448
101449
101450
101451
101453
101454
101455
101456
101457
101458
101460
101462
101464
101465
101466
101467
101468
101469
101470
101471
101472
101473
101474
101475
101476
101477
101478
101479
101480
101481
101482
101483
101484
101485
101486
101487
101488
101489
101490
101492
101493
101494
101495
101496
101497
101498
101499
101500
101501
101502
101503
101504
101505
101507
101508
101509
101510
101511
101513
101514
101516
101517
101518
101519
101520
101521
101522
101523
101524
101525
101526
101527
101528
101529
101530
101531
101532
101533
101534
101535
101536
101537
101538
101539
101540
101541
101542
101543
101544
101545
101546
101547
101548
101549
101550
101552
101553
101554
101555
101556
101557
101558
101559
101560
101561
101562
101564
101565
101566
101567
101568
101570
101571
101572
101573
101574
101575
101576
101577
101578
101579
101580
101581
101582
101584
101585
101586
101587
101588
101589
101590
101591
101592
101593
101594
101595
101597
101598
101599
101600
101601
101602
101603
101604
101605
101606
101607
101608
101609
101610
101611
101612
101613
101615
101616
101617
101618
101619
101620
101621
101622
101624
101625
101626
101627
101628
101629
101630
101631
101632
101633
101634
101636
101638
101639
101640
101641
101642
101643
101644
101645
101646
101647
101648
101649
101650
101652
101653
101654
101655
101656
101657
101658
101659
101660
101662
101663
101664
101665
101666
101667
101668
101670
101671
101672
101673
101674
101675
101676
101677
101678
101679
101680
101681
101682
101683
101684
101685
101686
101687
101688
101689
101690
101691
101692
101693
101694
101695
101696
101697
101698
101699
101700
101701
101702
101703
101704
101706
101707
101708
101709
101710
101711
101713
101715
101716
101717
101718
101720
101723
101724
101725
101727
101728
101729
101730
101731
101732
101733
101734
101735
101736
101738
101739
101740
101741
101742
101743
101744
101745
101746
101747
101748
101749
101750
101751
101752
101754
101755
101756
101757
101758
101759
101760
101761
101762
101763
101764
101765
101766
101768
101769
101770
101771
101772
101773
101774
101775
101777
101778
101779
101780
101782
101783
101784
101785
101786
101787
101788
101789
101790
101791
101792
101793
101794
101795
101796
101797
101798
101799
101800
101801
101802
101803
101804
101805
101806
101808
101809
101810
101811
101812
101814
101816
101817
101818
101819
101820
101821
101822
101823
101824
101825
101826
101827
101828
101829
101830
101831
101832
101833
101834
101835
101836
101837
101838
101839
101840
101841
101844
101846
101847
101848
101849
101850
101853
101854
101856
101857
101858
101859
101860
101861
101863
101864
101865
101866
101867
101868
101869
101870
101871
101872
101873
101874
101875
101877
101878
101880
101881
101882
101883
101884
101885
101886
101887
101888
101889
101890
101891
101892
101893
101894
101895
101896
101897
101898
101899
101900
101902
101905
101907
101908
101909
101910
101911
101912
101913
101914
101915
101916
101917
101918
101919
101920
101921
101922
101923
101924
101925
101926
101927
101929
101930
101931
101932
101933
101934
101935
101936
101937
101938
101939
101940
101941
101942
101943
101944
101945
101946
101948
101949
101950
101951
101952
101953
101954
101955
101956
101958
101959
101960
101961
101962
101963
101965
101966
101967
101968
101969
101970
101971
101972
101973
101974
101975
101976
101977
101978
101979
101980
101981
101982
101984
101985
101986
101987
101988
101989
101990
101991
101992
101993
101994
101995
101996
101997
101998
101999
102000
102001
102002
102003
102006
102007
102008
102009
102010
102011
102012
102013
102014
102015
102018
102019
102020
102021
102022
102024
102025
102026
102027
102028
102029
102030
102031
102032
102033
102036
102037
102038
102039
102040
102041
102042
102043
102044
102045
102046
102047
102048
102049
102050
102051
102052
102053
102054
102055
102056
102057
102058
102059
102060
102061
102062
102063
102064
102065
102066
102067
102068
102069
102070
102071
102072
102073
102074
102075
102076
102077
102078
102079
102080
102081
102082
102083
102084
102085
102086
102087
102088
102089
102090
102091
102092
102093
102094
102095
102096
102097
102098
102102
102103
102104
102105
102106
102108
102109
102110
102111
102112
102113
102114
102115
102116
102118
102119
102120
102121
102122
102123
102124
102125
102126
102127
102128
102130
102131
102132
102133
102134
102135
102136
102137
102138
102139
102140
102141
102142
102143
102144
102145
102146
102147
102148
102149
102150
102151
102152
102154
102155
102156
102157
102158
102159
102160
102162
102163
102164
102165
102166
102167
102169
102170
102172
102173
102174
102175
102176
102178
102179
102180
102181
102182
102183
102184
102185
102186
102187
102188
102189
102190
102191
102192
102193
102194
102195
102196
102197
102198
102199
102200
102201
102202
102203
102204
102206
102207
102208
102209
102210
102211
102212
102213
102214
102215
102216
102217
102218
102221
102222
102223
102224
102225
102226
102227
102228
102229
102230
102231
102232
102233
102234
102235
102236
102237
102238
102239
102241
102242
102243
102244
102245
102247
102248
102249
102250
102251
102252
102254
102255
102256
102257
102258
102259
102260
102261
102262
102263
102264
102265
102266
102267
102268
102269
102270
102271
102272
102273
102274
102275
102276
102277
102278
102279
102280
102281
102282
102283
102284
102285
102286
102287
102288
102289
102290
102291
102292
102293
102294
102295
102296
102297
102298
102299
102300
102301
102302
102303
102305
102306
102307
102308
102309
102310
102311
102312
102313
102314
102315
102317
102318
102319
102320
102321
102322
102323
102324
102325
102326
102328
102330
102331
102332
102333
102334
102335
102336
102338
102339
102340
102341
102343
102344
102345
102346
102347
102348
102349
102352
102354
102355
102357
102358
102359
102360
102361
102362
102363
102364
102365
102366
102367
102368
102369
102370
102371
102372
102373
102374
102375
102376
102378
102379
102380
102381
102382
102383
102384
102386
102387
102389
102390
102392
102393
102394
102396
102397
102398
102399
102400
102402
102403
102404
102405
102406
102407
102409
102410
102411
102412
102413
102414
102415
102416
102417
102418
102419
102420
102421
102422
102423
102424
102425
102426
102427
102429
102430
102431
102432
102433
102434
102435
102436
102437
102438
102439
102440
102441
102443
102444
102445
102446
102447
102448
102450
102451
102452
102453
102454
102455
102456
102457
102458
102459
102460
102462
102463
102464
102465
102466
102467
102468
102469
102470
102471
102472
102473
102474
102475
102476
102478
102479
102480
102481
102482
102483
102484
102485
102486
102487
102488
102489
102490
102491
102492
102494
102495
102496
102497
102498
102499
102500
102501
102502
102503
102504
102505
102506
102507
102508
102509
102510
102511
102512
102513
102514
102515
102516
102517
102518
102519
102520
102521
102522
102523
102524
102525
102526
102527
102528
102529
102530
102531
102532
102533
102534
102535
102536
102537
102538
102539
102540
102541
102542
102543
102544
102545
102546
102547
102548
102550
102551
102552
102553
102554
102555
102556
102558
102559
102560
102561
102562
102563
102565
102566
102567
102568
102569
102570
102571
102572
102573
102574
102575
102576
102577
102578
102579
102580
102581
102582
102583
102585
102586
102587
102588
102589
102590
102591
102592
102593
102594
102595
102596
102598
102599
102600
102601
102602
102604
102606
102608
102609
102610
102611
102612
102613
102615
102616
102617
102618
102619
102620
102621
102622
102623
102624
102625
102626
102627
102629
102630
102631
102632
102633
102634
102636
102637
102638
102639
102640
102641
102642
102643
102644
102645
102646
102647
102648
102649
102650
102651
102652
102653
102654
102655
102656
102657
102659
102660
102661
102662
102663
102664
102665
102666
102667
102668
102669
102670
102671
102672
102673
102674
102675
102676
102677
102678
102679
102680
102681
102682
102683
102684
102685
102686
102688
102689
102690
102691
102692
102693
102694
102695
102697
102698
102699
102700
102701
102702
102703
102704
102705
102706
102707
102708
102709
102710
102711
102712
102713
102714
102715
102716
102717
102718
102719
102720
102721
102722
102723
102724
102725
102727
102728
102729
102730
102731
102732
102733
102735
102736
102737
102738
102739
102740
102741
102742
102743
102744
102745
102746
102747
102749
102750
102751
102752
102753
102754
102755
102756
102757
102760
102761
102762
102763
102764
102766
102767
102768
102769
102770
102771
102772
102773
102774
102775
102776
102777
102778
102779
102780
102781
102782
102783
102784
102785
102786
102787
102788
102789
102790
102791
102792
102793
102794
102796
102797
102798
102799
102800
102801
102802
102803
102804
102805
102806
102807
102808
102809
102811
102812
102813
102814
102815
102817
102818
102819
102820
102821
102822
102823
102824
102825
102826
102827
102828
102829
102830
102831
102832
102833
102834
102835
102836
102837
102838
102839
102840
102841
102843
102844
102845
102846
102847
102848
102849
102850
102851
102852
102853
102854
102855
102856
102857
102858
102861
102862
102863
102865
102866
102867
102868
102869
102870
102871
102873
102874
102875
102876
102877
102878
102879
102880
102881
102883
102884
102885
102886
102887
102888
102889
102891
102892
102893
102894
102895
102896
102897
102898
102899
102900
102901
102902
102903
102904
102905
102906
102907
102908
102909
102910
102911
102912
102913
102914
102915
102916
102917
102918
102919
102920
102921
102922
102923
102924
102926
102927
102928
102929
102930
102931
102932
102933
102934
102936
102937
102938
102939
102940
102941
102942
102943
102945
102946
102947
102948
102949
102950
102951
102952
102954
102955
102956
102957
102958
102959
102960
102961
102962
102963
102964
102965
102966
102967
102968
102969
102970
102971
102972
102973
102974
102975
102976
102977
102978
102981
102982
102983
102984
102986
102987
102988
102989
102990
102991
102992
102993
102994
102995
102996
102997
102998
102999
103000
103001
103002
103003
103005
103006
103007
103009
103010
103011
103012
103013
103014
103015
103016
103017
103018
103019
103020
103021
103022
103023
103024
103025
103026
103028
103029
103030
103031
103032
103033
103034
103035
103036
103037
103039
103040
103041
103042
103043
103044
103045
103046
103047
103048
103050
103051
103052
103053
103054
103055
103056
103058
103059
103061
103062
103063
103064
103065
103066
103067
103068
103069
103070
103071
103072
103073
103074
103075
103076
103077
103078
103079
103080
103081
103082
103084
103085
103086
103087
103088
103090
103091
103092
103093
103094
103095
103096
103097
103099
103100
103101
103102
103103
103106
103107
103108
103109
103110
103111
103112
103113
103114
103115
103116
103117
103118
103119
103120
103121
103122
103123
103124
103125
103126
103127
103128
103129
103130
103131
103132
103133
103134
103135
103136
103137
103138
103139
103140
103141
103142
103143
103144
103145
103146
103147
103148
103149
103150
103151
103153
103154
103155
103156
103157
103159
103160
103162
103163
103164
103166
103167
103168
103169
103170
103172
103173
103174
103175
103176
103177
103178
103179
103180
103181
103182
103183
103184
103186
103187
103188
103189
103190
103191
103192
103193
103194
103195
103197
103198
103199
103201
103203
103204
103205
103206
103207
103208
103209
103210
103211
103212
103213
103214
103216
103217
103218
103219
103220
103222
103223
103224
103225
103226
103228
103229
103230
103231
103232
103233
103234
103235
103236
103237
103238
103239
103240
103241
103242
103243
103244
103245
103246
103247
103248
103249
103250
103251
103252
103253
103254
103255
103256
103257
103258
103259
103260
103261
103262
103263
103265
103266
103267
103268
103269
103271
103272
103275
103276
103277
103278
103279
103281
103283
103284
103285
103287
103288
103289
103290
103292
103293
103295
103296
103297
103298
103299
103300
103301
103303
103304
103305
103306
103307
103308
103309
103310
103311
103312
103313
103314
103315
103316
103317
103318
103319
103320
103321
103322
103323
103324
103325
103326
103327
103328
103329
103330
103331
103332
103333
103334
103335
103336
103337
103338
103339
103340
103341
103342
103343
103344
103346
103347
103348
103349
103350
103351
103352
103353
103354
103355
103356
103357
103358
103359
103360
103361
103362
103363
103364
103365
103366
103367
103368
103369
103370
103371
103372
103373
103374
103375
103376
103377
103378
103379
103380
103381
103382
103383
103384
103386
103387
103388
103389
103390
103391
103393
103394
103395
103396
103397
103398
103399
103400
103401
103402
103403
103404
103405
103406
103407
103409
103410
103412
103413
103414
103415
103416
103417
103418
103419
103420
103421
103422
103423
103424
103425
103426
103427
103428
103430
103431
103432
103433
103434
103435
103436
103437
103438
103441
103442
103444
103445
103446
103447
103449
103450
103451
103452
103453
103454
103455
103456
103458
103459
103460
103461
103462
103463
103464
103465
103466
103467
103469
103470
103471
103472
103473
103474
103475
103476
103477
103478
103479
103480
103481
103482
103483
103484
103485
103486
103487
103488
103489
103491
103492
103493
103494
103495
103496
103497
103499
103500
103501
103502
103503
103505
103506
103507
103508
103509
103510
103511
103512
103515
103516
103517
103518
103519
103520
103521
103523
103524
103525
103526
103527
103528
103531
103532
103533
103534
103535
103536
103537
103538
103539
103540
103541
103542
103543
103544
103545
103546
103548
103549
103550
103552
103553
103554
103555
103556
103557
103558
103559
103561
103562
103563
103564
103565
103567
103568
103570
103571
103572
103573
103574
103575
103577
103578
103579
103580
103581
103582
103583
103585
103586
103589
103590
103591
103592
103593
103594
103595
103596
103597
103598
103599
103600
103602
103603
103605
103606
103607
103608
103609
103610
103611
103613
103614
103615
103616
103617
103618
103619
103620
103621
103622
103623
103624
103625
103626
103627
103628
103629
103630
103631
103632
103633
103634
103635
103636
103637
103638
103639
103640
103641
103642
103643
103644
103646
103647
103648
103649
103651
103652
103653
103655
103656
103657
103658
103659
103660
103661
103663
103665
103666
103667
103668
103669
103670
103671
103672
103673
103674
103675
103676
103677
103678
103679
103681
103682
103683
103685
103690
103691
103693
103694
103695
103696
103697
103698
103699
103700
103701
103702
103703
103704
103705
103706
103707
103708
103709
103710
103712
103713
103714
103715
103716
103717
103719
103720
103721
103722
103723
103724
103725
103726
103727
103728
103729
103730
103731
103732
103733
103734
103735
103736
103737
103738
103739
103740
103741
103742
103743
103744
103745
103746
103747
103748
103749
103750
103751
103752
103753
103754
103755
103756
103757
103758
103759
103760
103761
103762
103763
103764
103767
103768
103769
103770
103771
103772
103773
103774
103775
103778
103779
103780
103782
103783
103785
103786
103787
103788
103789
103790
103791
103792
103793
103794
103796
103797
103798
103799
103800
103802
103803
103804
103805
103806
103807
103808
103809
103810
103811
103812
103813
103814
103815
103816
103818
103819
103820
103821
103822
103823
103824
103826
103827
200412
200413
200414
200415
200416
200417
200418
200419
200420
200421
200422
200423
200424
200425
200426
200427
200428
200429
200430
200431
200432
200433
200434
200435
200436
200437
200438
200439
200440
200441
200442
200443
200444
200445
200446
200449
200451
200452
200453
200454
200456
200457
200458
200459
200460
200461
200462
200463
200464
200465
200466
200467
200468
200469
200470
200471
200472
200473
200474
200475
200476
200477
200478
200479
200482
200483
200484
200485
200486
200487
200488
200489
200490
200491
200492
200493
200495
200496
200497
200498
200499
200500
200501
200502
200503
200504
200505
200506
200507
200509
200510
200511
200512
200513
200514
200515
200516
200517
200518
200519
200520
200521
200522
200523
200524
200525
200526
200527
200528
200529
200531
200532
200533
200534
200535
200536
200537
200538
200539
200541
200542
200543
200544
200545
200546
200547
200548
200549
200550
200551
200552
200553
200554
200555
200556
200557
200559
200560
200561
200562
200564
200565
200566
200567
200568
200569
200570
200572
200573
200574
200575
200576
200579
200580
200581
200582
200583
200585
200586
200587
200588
200590
200591
200592
200593
200594
200595
200596
200597
200598
200600
200601
200602
200603
200604
200605
200606
200608
200609
200611
200613
200614
200615
200616
200617
200618
200619
200620
200621
200622
200623
200624
200626
200627
200628
200629
200630
200631
200632
200633
200634
200635
200636
200637
200639
200640
200641
200642
200643
200645
200646
200648
200649
200651
200652
200653
200654
200655
200657
200658
200659
200660
200661
200662
200663
200664
200665
200666
200667
200668
200669
200670
200671
200672
200673
200674
200675
200676
200677
200678
200679
200680
200681
200682
200683
200684
200685
200686
200687
200688
200689
200690
200691
200692
200693
200695
200696
200697
200698
200699
200700
200701
200702
200703
200704
200705
200706
200707
200708
200709
200711
200712
200713
200714
200716
200717
200718
200719
200720
200721
200722
200724
200725
200726
200727
200728
200729
200730
200731
200732
200733
200735
200736
200738
200739
200740
200741
200742
200744
200745
200746
200747
200748
200749
200750
200751
200752
200753
200754
200755
200756
200757
200760
200761
200762
200763
200764
200765
200766
200767
200768
200769
200770
200772
200773
200774
200775
200776
200777
200778
200779
200780
200781
200783
200784
200785
200786
200787
200788
200789
200790
200791
200792
200793
200794
200795
200796
200798
200799
200800
200801
200803
200804
200805
200806
200807
200808
200809
200810
200811
200812
200813
200814
200815
200816
200817
200818
200819
200820
200821
200822
200823
200824
200825
200826
200827
200829
200830
200831
200832
200833
200834
200835
200836
200838
200839
200840
200841
200842
200843
200844
200845
200846
200847
200848
200850
200851
200852
200853
200854
200855
200857
200858
200859
200860
200861
200862
200863
200864
200865
200866
200867
200868
200869
200870
200871
200872
200873
200874
200875
200876
200877
200878
200879
200880
200881
200882
200883
200884
200885
200886
200887
200888
200890
200891
200892
200893
200894
200896
200897
200898
200899
200900
200901
200902
200903
200904
200905
200906
200907
200908
200909
200910
200911
200912
200913
200914
200915
200916
200917
200918
200919
200920
200921
200923
200924
200925
200926
200927
200928
200929
200930
200934
200935
200936
200937
200938
200939
200940
200941
200942
200943
200945
200946
200947
200949
200950
200951
200952
200953
200954
200955
200956
200957
200958
200959
200961
200963
200964
200965
200966
200967
200968
200969
200970
200971
200972
200973
200974
200975
200976
200977
200978
200979
200980
200981
200982
200983
200984
200985
200986
200987
200988
200989
200990
200991
200992
200993
200994
200995
200996
200997
200998
200999
201000
201001
201003
201004
201005
201009
201010
201011
201012
201013
201014
201015
201016
201017
201018
201019
201020
201021
201022
201023
201024
201025
201027
201028
201029
201030
201031
201032
201033
201034
201035
201036
201037
201038
201039
201040
201041
201042
201043
201044
201045
201046
201047
201048
201050
201051
201052
201053
201055
201056
201057
201058
201059
201060
201061
201062
201063
201064
201065
201066
201067
201068
201069
201070
201071
201072
201073
201074
201076
201078
201079
201080
201081
201082
201083
201084
201085
201086
201087
201088
201089
201091
201092
201093
201094
201095
201096
201097
201098
201099
201100
201101
201103
201104
201106
201107
201108
201109
201110
201111
201112
201114
201115
201116
201117
201119
201120
201121
201122
201123
201125
201127
201128
201129
201130
201131
201132
201133
201134
201135
201136
201137
201138
201139
201140
201141
201143
201144
201145
201147
201148
201149
201150
201151
201152
201153
201154
201155
201156
201157
201158
201159
201160
201161
201162
201163
201164
201165
201166
201167
201168
201169
201170
201172
201174
201175
201176
201177
201178
201179
201180
201181
201182
201183
201184
201186
201187
201188
201189
201190
201191
201192
201194
201196
201197
201198
201199
201200
201201
201202
201203
201204
201205
201206
201207
201208
201209
201210
201211
201212
201213
201214
201215
201217
201218
201220
201221
201222
201223
201224
201225
201226
201227
201228
201229
201230
201231
201232
201233
201234
201235
201236
201237
201238
201239
201240
201241
201242
201243
201245
201246
201247
201248
201250
201251
201252
201253
201254
201255
201256
201257
201258
201259
201260
201261
201262
201263
201264
201265
201266
201267
201268
201270
201271
201272
201273
201274
201275
201276
201277
201279
201280
201281
201282
201283
201284
201285
201289
201290
201291
201292
201293
201294
201295
201296
201297
201298
201299
201301
201302
201303
201304
201305
201306
201307
201308
201309
201310
201311
201315
201316
201317
201318
201319
201320
201321
201322
201323
201324
201325
201326
201328
201329
201330
201331
201332
201333
201334
201335
201336
201337
201338
201339
201340
201341
201342
201343
201344
201345
201346
201347
201348
201349
201350
201351
201352
201353
201354
201355
201356
201357
201358
201359
201360
201361
201362
201363
201364
201366
201367
201368
201369
201370
201371
201372
201373
201374
201375
201376
201377
201378
201379
201380
201381
201382
201384
201385
201386
201387
201388
201389
201391
201392
201393
201394
201395
201396
201397
201398
201399
201400
201401
201402
201403
201405
201407
201408
201409
201410
201411
201412
201413
201414
201415
201416
201418
201419
201421
201422
201423
201424
201425
201427
201428
201429
201430
201431
201432
201433
201434
201435
201436
201437
201438
201439
201440
201441
201442
201443
201445
201447
201448
201449
201450
201452
201453
201454
201455
201456
201458
201459
201460
201461
201462
201463
201464
201465
201466
201467
201468
201469
201471
201472
201475
201476
201478
201480
201481
201483
201484
201485
201486
201488
201489
201490
201491
201492
201494
201495
201496
201497
201498
201499
201500
201501
201502
201503
201504
201505
201506
201507
201508
201509
201510
201511
201512
201513
201514
201515
201516
201517
201518
201519
201520
201521
201522
201524
201525
201526
201527
201528
201529
201530
201531
201532
201533
201534
201535
201536
201537
201538
201539
201540
201541
201542
201544
201545
201546
201547
201548
201549
201550
201551
201552
201553
201554
201555
201556
201557
201558
201559
201560
201561
201562
201563
201564
201566
201567
201568
201570
201571
201572
201573
201574
201575
201577
201578
201581
201582
201583
201584
201585
201586
201587
201589
201590
201591
201592
201593
201594
201595
201596
201598
201599
201602
201603
201605
201606
201607
201608
201609
201610
201611
201612
201613
201614
201615
201616
201618
201620
201621
201625
201626
201627
201628
201629
201630
201631
201632
201633
201634
201635
201636
201637
201638
201639
201640
201641
201644
201645
201646
201647
201648
201650
201651
201652
201653
201654
201655
201656
201657
201658
201659
201660
201661
201662
201663
201664
201665
201666
201667
201668
201669
201670
201671
201672
201673
201674
201676
201677
201678
201679
201680
201681
201683
201685
201686
201687
201688
201689
201690
201692
201694
201695
201696
201697
201698
201700
201701
201702
201703
201704
201705
201706
201707
201708
201709
201710
201711
201712
201713
201714
201715
201716
201717
201718
201719
201720
201723
201724
201725
201726
201727
201728
201729
201730
201731
201732
201733
201734
201735
201736
201737
201738
201739
201741
201742
201743
201745
201746
201747
201748
201750
201751
201752
201753
201754
201755
201756
201757
201758
201759
201760
201761
201762
201763
201764
201765
201766
201767
201769
201770
201771
201772
201773
201774
201775
201776
201777
201778
201779
201780
201781
201782
201783
201784
201785
201786
201787
201788
201789
201790
201791
201792
201793
201794
201795
201796
201797
201800
201802
201804
201805
201806
201807
201808
201809
201810
201811
201813
201814
201815
201816
201818
201819
201820
201821
201822
201824
201825
201826
201827
201828
201830
201831
201833
201834
201835
201836
201838
201839
201840
201841
201842
201843
201844
201845
201846
201848
201849
201850
201851
201852
201853
201854
201855
201856
201857
201858
201859
201860
201861
201862
201863
201864
201865
201866
201867
201868
201869
201870
201872
201873
201874
201875
201876
201877
201878
201879
201880
201881
201883
201885
201886
201887
201888
201889
201890
201891
201892
201893
201895
201896
201897
201898
201899
201901
201902
201903
201904
201905
201906
201907
201908
201909
201910
201911
201912
201913
201914
201915
201916
201917
201918
201919
201920
201921
201923
201924
201925
201927
201928
201929
201930
201931
201932
201933
201934
201935
201936
201937
201938
201939
201940
201941
201942
201944
201945
201946
201947
201948
201949
201950
201951
201952
201953
201954
201955
201956
201957
201958
201959
201960
201961
201962
201963
201964
201967
201968
201969
201970
201971
201972
201973
201974
201975
201977
201978
201979
201980
201981
201982
201983
201984
201985
201986
201987
201988
201990
201991
201992
201993
201994
201995
201996
201997
201998
202001
202002
202003
202004
202005
202006
202007
202008
202009
202010
202011
202012
202013
202014
202015
202016
202017
202018
202019
202020
202021
202022
202023
202025
202027
202028
202029
202030
202031
202032
202033
202034
202035
202036
202038
202039
202040
202041
202042
202043
202044
202045
202046
202048
202049
202050
202051
202052
202053
202054
202055
202056
202057
202059
202060
202061
202062
202063
202064
202066
202067
202068
202069
202070
202071
202072
202073
202074
202075
202076
202077
202078
202079
202080
202082
202083
202084
202085
202086
202087
202088
202089
202090
202091
202092
202093
202094
202095
202096
202097
202098
202099
202100
202101
202102
202103
202104
202105
202106
202107
202109
202110
202111
202112
202113
202114
202115
202116
202117
202119
202120
202121
202122
202124
202126
202127
202128
202129
202130
202131
202132
202133
202134
202135
202136
202138
202139
202140
202141
202142
202143
202144
202145
202146
202147
202148
202149
202150
202151
202152
202153
202154
202155
202156
202157
202158
202159
202160
202161
202162
202163
202164
202165
202166
202169
202170
202171
202173
202174
202175
202176
202177
202179
202180
202181
202182
202183
202184
202185
202186
202187
202188
202189
202190
202191
202192
202193
202195
202196
202197
202198
202199
202200
202201
202202
202203
202204
202205
202206
202208
202209
202210
202212
202214
202215
202216
202217
202218
202219
202220
202221
202223
202224
202225
202226
202227
202228
202229
202230
202231
202232
202233
202235
202236
202237
202238
202239
202241
202242
202243
202244
202246
202247
202248
202249
202250
202252
202253
202254
202256
202257
202258
202259
202260
202261
202263
202264
202266
202267
202268
202269
202271
202272
202273
202274
202275
202276
202278
202279
202280
202281
202282
202283
202284
202285
202286
202287
202289
202290
202291
202292
202293
202294
202295
202296
202297
202298
202299
202300
202301
202302
202303
202304
202305
202307
202308
202309
202310
202311
202312
202313
202314
202315
202316
202317
202318
202319
202320
202321
202322
202323
202324
202325
202326
202327
202328
202331
202332
202333
202335
202336
202337
202339
202340
202342
202343
202344
202345
202346
202347
202348
202349
202350
202351
202352
202353
202354
202355
202356
202357
202358
202359
202360
202361
202362
202363
202364
202365
202366
202367
202368
202369
202370
202371
202372
202374
202376
202377
202378
202380
202381
202382
202383
202384
202385
202386
202387
202388
202390
202391
202392
202395
202396
202397
202398
202399
202400
202401
202402
202403
202407
202408
202409
202410
202411
202412
202413
202414
202415
202416
202417
202418
202419
202420
202421
202422
202423
202424
202425
202426
202428
202429
202430
202432
202433
202435
202436
202437
202438
202439
202441
202442
202443
202444
202445
202447
202448
202449
202450
202451
202452
202453
202454
202455
202456
202457
202458
202459
202461
202462
202463
202465
202466
202468
202469
202470
202471
202472
202473
202474
202476
202477
202478
202479
202480
202481
202482
202483
202484
202485
202486
202487
202488
202489
202490
202491
202492
202493
202494
202495
202496
202497
202498
202500
202501
202502
202503
202504
202505
202506
202507
202508
202509
202511
202514
202515
202516
202517
202518
202519
202520
202521
202522
202523
202524
202525
202526
202527
202528
202529
202530
202531
202532
202533
202534
202535
202539
202540
202541
202542
202543
202544
202546
202547
202548
202549
202550
202551
202552
202553
202554
202555
202556
202557
202558
202559
202560
202561
202562
202563
202565
202566
202567
202568
202569
202570
202571
202572
202573
202574
202575
202576
202577
202578
202579
202580
202581
202582
202583
202584
202585
202586
202587
202588
202589
202590
202591
202594
202595
202596
202597
202598
202599
202600
202601
202602
202603
202604
202605
202606
202607
202608
202609
202610
202612
202614
202615
202617
202618
202619
202620
202621
202622
202623
202624
202625
202627
202628
202629
202630
202631
202632
202633
202634
202635
202636
202637
202638
202639
202640
202642
202643
202644
202645
202646
202647
202648
202649
202651
202652
202653
202654
202655
202656
202657
202658
202659
202660
202661
202662
202663
202664
202666
202668
202669
202670
202671
202672
202673
202674
202675
202676
202677
202678
202681
202682
202683
202684
202685
202686
202687
202688
202689
202690
202691
202692
202693
202694
202695
202696
202697
202698
202699
202701
202702
202703
202704
202705
202706
202707
202708
202709
202710
202711
202712
202713
202714
202715
202717
202718
202719
202720
202721
202722
202723
202724
202725
202726
202727
202729
202730
202731
202732
202733
202734
202735
202736
202737
202738
202739
202741
202742
202743
202744
202745
202746
202747
202748
202749
202751
202752
202753
202754
202755
202756
202757
202758
202759
202760
202761
202762
202763
202764
202765
202766
202768
202769
202770
202771
202772
202773
202774
202775
202776
202777
202779
202780
202781
202782
202783
202784
202785
202786
202787
202788
202789
202790
202791
202792
202793
202794
202795
202796
202797
202798
202799
202800
202801
202802
202804
202805
202806
202807
202808
202811
202812
202813
202814
202815
202816
202817
202818
202819
202822
202823
202824
202825
202826
202827
202828
202829
202831
202832
202833
202835
202836
202837
202840
202841
202842
202843
202844
202845
202846
202847
202848
202850
202851
202852
202853
202854
202855
202856
202857
202858
202859
202860
202861
202862
202863
202864
202865
202866
202867
202869
202870
202871
202872
202873
202874
202875
202876
202877
202878
202879
202881
202882
202883
202884
202885
202886
202887
202888
202890
202891
202892
202894
202895
202896
202898
202899
202900
202901
202902
202903
202904
202905
202906
202907
202908
202909
202910
202911
202912
202913
202914
202915
202916
202917
202918
202919
202920
202921
202922
202923
202924
202925
202926
202927
202928
202929
202930
202931
202932
202933
202934
202935
202936
202937
202938
202939
202940
202941
202942
202943
202944
202945
202947
202948
202949
202950
202951
202952
202953
202954
202955
202956
202957
202958
202959
202960
202961
202962
202963
202964
202965
202966
202967
202968
202969
202971
202972
202973
202974
202975
202976
202977
202978
202979
202980
202981
202982
202983
202984
202985
202986
202987
202988
202989
202990
202991
202992
202993
202994
202995
202996
202997
202998
202999
203000
203001
203002
203003
203004
203005
203006
203007
203008
203009
203010
203011
203012
203013
203014
203015
203016
203017
203018
203019
203021
203022
203023
203024
203025
203026
203027
203028
203029
203030
203032
203033
203034
203035
203036
203037
203038
203039
203040
203041
203042
203043
203044
203045
203046
203048
203049
203050
203051
203052
203053
203054
203055
203056
203057
203059
203061
203062
203063
203064
203066
203067
203068
203069
203070
203071
203072
203073
203074
203076
203077
203078
203079
203080
203081
203082
203083
203085
203086
203087
203088
203089
203090
203091
203092
203093
203094
203095
203096
203097
203098
203099
203101
203102
203103
203104
203105
203106
203107
203108
203109
203110
203111
203112
203113
203114
203115
203116
203117
203118
203119
203120
203121
203122
203123
203124
203126
203129
203130
203131
203132
203133
203135
203136
203137
203138
203139
203140
203141
203142
203143
203144
203146
203147
203148
203149
203150
203151
203152
203153
203154
203155
203156
203157
203158
203160
203162
203163
203164
203165
203166
203167
203168
203169
203170
203171
203172
203173
203174
203175
203176
203177
203178
203179
203180
203182
203184
203185
203186
203187
203188
203189
203190
203191
203192
203193
203194
203195
203196
203197
203199
203200
203201
203202
203203
203205
203206
203207
203208
203209
203210
203211
203212
203213
203214
203216
203217
203218
203219
203220
203221
203222
203223
203224
203225
203226
203227
203228
203229
203230
203231
203232
203233
203234
203235
203236
203238
203239
203241
203242
203243
203244
203245
203246
203247
203248
203249
203250
203251
203252
203253
203254
203255
203259
203261
203262
203264
203265
203266
203267
203268
203269
203270
203271
203272
203273
203275
203276
203277
203278
203280
203281
203282
203283
203285
203286
203287
203288
203289
203290
203291
203292
203293
203294
203295
203297
203298
203299
203300
203302
203304
203305
203308
203309
203310
203311
203312
203313
203315
203316
203317
203318
203319
203320
203321
203322
203323
203324
203325
203326
203327
203328
203329
203330
203331
203333
203334
203335
203336
203337
203338
203339
203340
203341
203342
203343
203344
203345
203346
203347
203348
203350
203351
203352
203354
203357
203359
203360
203361
203362
203363
203364
203365
203366
203368
203370
203371
203372
203373
203374
203375
203376
203377
203379
203380
203381
203382
203383
203384
203385
203386
203387
203388
203389
203390
203391
203392
203394
203395
203396
203397
203398
203399
203400
203401
203402
203403
203404
203405
203406
203407
203409
203410
203411
203412
203413
203415
203416
203417
203418
203419
203420
203421
203422
203424
203425
203426
203427
203428
203429
203430
203431
203432
203433
203434
203435
203436
203437
203438
203439
203440
203441
203442
203443
203444
203445
203446
203447
203448
203449
203450
203451
203452
203454
203455
203456
203457
203458
203459
203460
203461
203462
203463
203464
203465
203466
203467
203469
203470
203471
203472
203473
203474
203475
203476
203477
203478
203479
203480
203481
203482
203483
203484
203485
203486
203487
203488
203489
203490
203492
203493
203494
203495
203496
203499
203501
203502
203503
203504
203505
203506
203507
203508
203510
203511
203512
203513
203514
203515
203516
203517
203519
203520
203521
203522
203523
203525
203526
203527
203529
203530
203531
203532
203534
203535
203536
203537
203538
203539
203540
203541
203542
203543
203544
203545
203546
203547
203548
203549
203550
203552
203553
203554
203555
203556
203557
203558
203559
203560
203561
203562
203563
203564
203565
203566
203567
203568
203569
203570
203571
203573
203574
203575
203577
203578
203579
203580
203581
203582
203583
203584
203585
203586
203588
203589
203590
203591
203592
203594
203595
203596
203597
203598
203599
203600
203601
203602
203604
203605
203606
203607
203608
203609
203610
203611
203612
203613
203614
203615
203616
203617
203618
203619
203620
203621
203622
203624
203625
203626
203627
203628
203629
203630
203633
203634
203635
203636
203637
203639
203640
203641
203642
203643
203644
203645
203646
203648
203650
203651
203652
203653
203654
203655
203656
203657
203658
203659
203660
203661
203662
203663
203664
203665
203666
203667
203668
203669
203670
203671
203672
203673
203674
203675
203679
203681
203682
203683
203684
203685
203686
203688
203690
203691
203692
203693
203694
203695
203696
203697
203698
203699
203700
203701
203702
203703
203704
203705
203706
203707
203709
203710
203711
203713
203714
203715
203716
203717
203718
203719
203720
203722
203723
203724
203725
203726
203727
203728
203729
203730
203731
203732
203735
203736
203737
203738
203739
203740
203741
203742
203743
203744
203745
203748
203749
203750
203751
203752
203753
203754
203755
203756
203757
203758
203759
203760
203761
203762
203763
203764
203765
203766
203767
203768
203769
203770
203772
203773
203775
203777
203778
203779
203780
203781
203782
203783
203784
203785
203786
203787
203788
203789
203790
203791
203793
203794
203795
203796
203798
203799
203800
203801
203802
203803
203804
203805
203806
203808
203809
203810
203811
203812
203813
203814
203815
203816
203817
203818
203819
203820
203821
203822
203823
203824
203825
203826
203827