000000
000001
000003
000005
000006
000007
000008
000009
000010
000011
000014
000015
000017
000018
000019
000021
000022
000023
000024
000025
000027
000028
000029
000030
000031
000032
000034
000035
000036
000037
000040
000041
000042
000043
000044
000045
000046
000047
000048
000049
000051
000052
000054
000055
000056
000057
000063
000065
000068
000069
000070
000071
000072
000073
000074
000075
000076
000077
000079
000080
000081
000082
000083
000084
000085
000086
000087
000088
000089
000090
000091
000092
000093
000094
000095
000097
000098
000100
000101
000102
000103
000104
000105
000106
000107
000108
000109
000110
000111
000113
000114
000115
000117
000118
000119
000121
000123
000124
000125
000127
000128
000129
000130
000131
000132
000133
000134
000135
000136
000138
000140
000141
000142
000143
000144
000147
000148
000149
000150
000151
000152
000154
000155
000156
000157
000158
000159
000160
000161
000164
000165
000168
000169
000171
000172
000173
000174
000175
000178
000179
000180
000181
000182
000183
000185
000186
000187
000188
000189
000190
000191
000192
000193
000197
000199
000200
000201
000202
000203
000204
000205
000206
000207
000208
000209
000211
000212
000216
000217
000218
000220
000221
000222
000223
000224
000225
000226
000227
000228
000230
000231
000232
000234
000235
000236
000237
000238
000239
000241
000242
000243
000244
000245
000246
000247
000248
000250
000252
000253
000255
000257
000259
000260
000261
000262
000263
000265
000267
000268
000270
000271
000272
000274
000275
000277
000278
000280
000281
000282
000284
000285
000286
000287
000288
000289
000290
000291
000292
000293
000294
000295
000296
000297
000298
000299
000301
000302
000303
000304
000305
000308
000310
000311
000312
000313
000314
000315
000316
000317
000318
000319
000320
000321
000322
000324
000325
000326
000327
000328
000329
000331
000332
000333
000337
000338
000339
000340
000341
000342
000343
000344
000345
000346
000347
000348
000349
000350
000351
000352
000353
000354
000355
000356
000357
000358
000359
000360
000361
000362
000364
000366
000367
000368
000369
000370
000371
000372
000373
000375
000376
000377
000378
000379
000380
000381
000382
000383
000384
000385
000386
000387
000388
000390
000391
000392
000393
000394
000395
000396
000397
000398
000399
000401
000402
000403
000405
000406
000409
000410
000411